200 9950
89 66 98
111 169 59
82 137 29
132 7 30
121 38 94
189 66 56
186 112 89
100 90 98
74 111 28
122 55 64
89 99 10
167 70 94
41 102 55
59 51 24
96 86 2
65 169 12
70 16 58
107 195 43
77 28 19
122 195 66
188 33 56
172 30 92
197 91 62
171 168 59
178 184 32
66 24 94
1 40 32
169 119 7
44 103 49
50 133 34
77 144 31
142 110 4
40 21 22
13 198 46
16 37 59
103 190 76
177 63 85
8 11 78
106 199 50
10 104 42
129 195 24
66 25 44
144 87 22
15 100 15
29 173 9
83 70 40
71 85 67
63 81 30
167 89 44
11 108 83
46 94 84
13 26 27
73 169 2
139 116 3
135 2 8
117 52 99
150 196 14
82 110 19
60 125 15
173 90 9
163 62 85
88 178 54
130 125 61
32 0 51
163 132 17
158 192 87
121 39 48
7 107 41
171 1 86
117 89 4
147 132 31
5 39 90
161 69 81
48 25 47
189 189 81
58 177 57
179 173 46
42 39 79
127 78 1
138 115 14
33 24 84
196 196 26
88 52 12
119 136 76
156 166 45
180 67 40
59 105 43
84 19 95
187 175 30
64 83 47
72 103 76
78 157 40
197 145 55
111 17 39
165 72 56
165 124 25
31 193 15
148 184 80
102 62 47
167 158 100
107 65 4
99 125 7
77 96 14
186 90 34
173 161 53
72 188 51
116 177 78
20 94 27
7 116 22
128 3 36
154 106 63
144 112 61
170 11 62
192 40 65
177 12 26
2 91 54
54 13 44
158 95 96
100 143 96
106 90 59
182 24 91
169 43 12
154 125 94
118 8 26
104 154 84
184 78 47
195 109 64
122 81 62
141 39 24
99 167 54
51 84 44
124 173 73
115 179 50
83 94 36
119 66 56
136 63 17
152 17 93
66 52 27
58 195 22
86 140 47
111 47 82
21 18 51
66 179 14
192 188 75
145 96 10
131 107 64
39 73 56
67 16 34
189 105 21
51 136 33
59 63 62
138 160 83
182 76 27
195 25 18
11 32 75
171 3 22
148 170 40
137 10 88
186 153 24
38 109 48
8 178 9
131 161 80
61 20 16
103 12 71
172 118 17
16 151 53
91 100 31
85 146 57
119 125 61
108 194 22
29 163 99
113 188 76
177 24 49
110 53 34
139 24 86
148 196 66
182 65 5
115 186 61
13 70 30
68 134 34
59 40 71
193 148 11
27 52 46
146 185 47
59 5 89
170 76 75
38 185 42
45 73 68
20 40 45
86 77 42
27 131 65
99 0 16
175 199 10
26 141 94
182 32 32
8 78 42
148 65 3
52 129 62
152 64 43
109 139 19
153 100 61
154 134 4
99 146 50
112 198 20
83 138 42
169 166 88
46 59 78
192 141 17
125 176 24
95 143 97
166 66 12
54 49 94
90 163 60
47 98 87
79 176 60
60 171 61
72 12 37
140 122 14
117 160 42
99 139 69
160 74 62
44 166 48
181 94 96
68 114 68
119 81 52
23 164 1
11 162 74
166 116 22
137 176 56
0 104 13
59 1 11
112 106 35
91 81 34
124 115 66
182 186 34
3 181 55
166 147 76
46 168 50
16 135 58
143 123 33
39 110 48
113 51 83
17 120 39
193 6 68
27 56 95
91 193 19
50 49 76
65 191 31
181 66 9
38 37 87
159 35 42
26 49 50
29 81 30
134 97 50
190 10 87
77 54 63
46 141 59
172 192 28
163 184 7
151 28 67
33 199 63
140 72 73
90 169 74
21 20 78
73 164 15
160 20 1
149 41 25
191 192 76
149 125 80
6 53 41
66 183 11
45 47 98
157 12 81
1 62 6
31 66 99
107 78 65
154 85 89
79 20 19
124 39 20
180 189 70
188 164 48
80 21 72
135 188 44
181 143 82
72 14 78
156 55 27
87 177 49
28 121 66
87 80 43
55 18 20
164 134 24
130 158 45
149 183 24
51 54 89
61 188 3
6 70 89
67 31 91
87 32 86
33 8 44
69 146 16
190 36 52
73 36 45
196 105 8
66 103 46
188 151 74
191 173 55
165 188 95
86 75 80
22 36 38
146 141 76
4 159 4
28 26 47
6 192 46
140 7 95
114 26 87
133 69 87
102 187 88
144 18 23
9 163 17
72 97 14
115 174 57
107 68 52
57 192 5
137 171 69
26 83 12
194 17 98
39 118 73
179 16 21
144 46 25
47 174 82
50 67 8
166 97 36
121 31 51
193 175 44
196 94 85
193 172 85
60 190 33
2 6 21
52 91 85
152 67 3
47 24 92
111 45 4
181 142 25
163 189 60
196 75 27
195 28 56
96 199 57
41 100 36
33 14 71
16 47 43
74 103 3
57 30 43
14 5 68
118 134 23
163 106 48
181 148 45
84 107 28
30 183 53
96 152 81
28 87 44
180 190 28
80 145 87
134 30 51
38 199 59
142 119 33
178 99 28
196 27 87
168 40 67
40 5 78
16 142 35
180 59 44
180 102 81
92 133 9
37 195 32
70 68 10
96 2 32
195 48 89
108 85 27
163 142 19
55 148 12
73 49 58
40 54 27
184 53 69
143 75 98
109 143 15
92 47 76
60 193 35
133 76 14
91 49 47
153 17 30
173 134 66
123 82 46
90 108 14
72 82 88
39 43 71
101 40 29
16 101 90
143 37 59
184 143 11
57 149 72
130 197 81
129 23 42
68 141 57
56 104 77
141 30 99
60 109 79
74 153 30
96 184 94
170 58 40
30 128 24
29 7 90
5 168 1
141 109 42
23 93 56
193 33 4
89 127 67
10 84 41
149 73 14
94 193 97
57 86 83
35 33 34
64 197 93
34 194 17
127 187 91
163 69 44
122 22 45
193 112 94
17 137 60
88 136 36
119 15 27
113 76 1
132 113 76
75 20 87
94 94 18
165 191 48
134 41 5
39 48 45
1 97 6
195 128 19
15 15 91
44 74 87
161 156 67
145 23 3
152 141 84
79 94 12
138 39 69
168 106 4
52 41 41
19 24 19
192 21 71
74 184 19
146 172 2
3 183 64
195 137 67
45 106 68
120 118 84
86 158 13
149 122 45
147 139 74
198 108 68
42 110 83
146 10 78
64 22 29
108 7 18
63 94 28
184 30 79
143 149 75
186 45 81
191 85 79
28 29 85
85 37 82
153 123 71
40 158 14
0 84 32
29 137 53
138 110 15
38 132 79
91 63 38
164 96 51
85 189 54
96 67 98
130 106 63
125 126 84
189 50 34
22 153 51
155 129 91
85 117 39
0 122 28
93 93 55
193 196 92
0 156 8
51 31 78
197 190 41
6 184 44
164 146 98
52 43 49
56 12 85
102 31 59
154 117 72
19 10 8
181 160 62
97 167 51
113 124 15
67 197 82
158 8 41
185 199 57
127 111 27
17 69 33
91 183 25
155 120 3
91 141 13
179 80 34
13 68 7
16 79 71
92 173 65
160 137 29
25 115 40
91 109 38
46 147 41
44 163 22
184 60 27
194 57 47
110 131 13
197 28 53
141 84 82
32 164 16
93 189 82
106 27 11
186 42 92
91 162 86
40 126 97
127 185 61
17 144 38
101 157 55
181 22 100
122 121 43
86 73 21
68 139 4
46 98 9
10 91 59
95 4 38
168 162 61
148 188 22
93 73 45
46 198 29
19 56 76
136 167 16
77 141 75
56 130 60
196 41 20
75 165 27
26 1 10
176 161 43
102 152 55
92 23 30
128 94 62
47 86 80
176 191 75
46 192 29
4 20 19
51 28 52
127 168 66
72 42 92
83 150 90
92 58 12
72 191 64
28 5 82
133 108 40
139 111 78
145 77 38
150 165 67
55 101 70
38 39 35
51 115 49
31 195 24
64 174 76
24 61 32
130 184 98
107 123 92
28 83 80
172 98 54
186 120 87
96 85 14
58 102 14
35 184 64
93 160 73
127 31 66
122 56 69
79 195 53
131 92 88
35 186 19
101 192 30
182 176 8
61 155 68
121 188 85
116 51 53
118 29 44
53 152 51
55 2 23
101 25 80
56 111 34
153 193 33
138 101 39
112 35 79
132 194 21
89 25 91
154 52 12
82 54 88
104 160 40
189 11 82
73 181 51
47 182 66
0 86 69
20 13 1
133 19 92
58 75 6
5 77 89
116 196 59
68 159 69
29 67 88
58 132 23
164 155 6
113 39 77
12 149 47
152 139 19
87 86 49
15 196 82
75 29 6
130 143 73
25 181 100
191 197 82
139 94 56
161 28 50
102 0 21
58 197 91
178 177 67
43 189 77
84 156 76
169 123 51
156 123 20
94 0 73
145 9 48
66 170 96
17 160 69
64 96 59
162 152 21
136 186 97
7 95 68
185 37 72
25 56 65
38 98 60
175 140 91
121 64 75
7 27 18
133 100 50
52 81 60
10 98 66
127 80 42
189 82 34
168 163 18
42 77 54
105 154 69
143 136 69
40 145 24
158 178 50
175 6 29
131 14 64
122 93 67
84 123 26
19 77 23
196 130 70
74 177 14
52 194 23
195 156 46
65 125 85
9 187 96
106 2 63
54 108 14
23 96 31
135 185 32
25 38 14
35 154 79
70 127 10
172 137 17
162 138 36
129 160 7
81 146 88
144 69 78
156 191 4
194 117 30
56 199 73
171 158 94
71 184 71
25 72 69
189 22 17
86 85 74
184 70 89
83 111 99
169 94 33
103 158 95
62 136 46
160 147 18
90 150 84
135 88 3
41 187 96
119 102 51
101 27 78
37 48 93
177 127 50
54 87 53
11 190 28
169 4 69
36 3 23
134 23 25
134 100 21
11 16 42
173 19 51
150 45 4
59 154 55
52 152 99
75 43 29
0 193 88
190 158 9
177 156 6
192 128 94
38 17 82
87 61 94
91 45 78
158 169 47
45 101 78
68 32 54
196 98 18
58 45 96
132 10 71
155 31 43
68 110 94
24 88 62
164 89 3
7 183 96
72 51 85
80 149 83
187 128 26
188 25 40
21 151 65
46 86 42
151 105 53
100 8 45
89 160 69
5 49 5
177 13 52
177 23 29
46 184 85
177 48 10
147 8 67
80 86 96
124 199 9
167 147 63
121 13 99
109 108 89
180 38 23
3 116 90
98 155 23
49 86 91
134 40 24
127 58 77
178 110 15
9 190 100
149 112 76
39 88 26
23 176 60
17 35 3
139 150 71
104 13 48
15 125 52
132 186 93
22 99 93
81 125 32
106 54 15
137 103 20
48 169 74
121 198 16
79 78 64
92 2 36
171 145 3
115 151 22
72 136 32
67 173 62
77 77 83
162 72 79
128 29 65
63 80 55
7 51 42
149 1 8
65 161 24
167 94 21
13 168 2
44 176 94
60 195 74
82 177 34
40 107 85
158 155 72
21 113 15
142 139 74
143 102 29
190 64 42
190 160 13
178 4 2
180 70 34
174 74 33
22 146 49
97 58 51
45 180 86
74 16 9
26 134 19
87 137 8
31 15 68
146 132 4
159 53 5
199 192 4
185 137 92
114 58 87
26 47 29
51 143 46
198 154 87
45 62 99
186 143 20
68 8 82
150 125 16
28 8 89
46 46 81
198 75 51
67 114 83
140 29 26
92 62 38
129 182 96
51 147 79
162 34 32
98 153 45
143 11 37
169 174 97
193 97 68
194 89 22
73 33 45
173 139 79
45 87 71
61 9 28
12 154 18
1 86 18
162 13 15
132 112 45
155 80 53
191 38 12
146 187 100
12 188 67
82 105 96
86 175 13
147 59 29
87 6 38
145 39 73
51 131 54
28 180 37
21 117 10
88 138 39
137 18 67
197 155 92
148 72 37
176 10 1
73 167 54
145 16 23
168 148 54
158 25 91
178 30 39
175 13 10
101 179 82
73 130 36
30 61 70
112 38 41
111 14 24
92 40 43
151 193 22
90 95 72
109 103 70
20 31 41
113 102 64
95 80 70
197 69 39
49 16 43
155 130 15
95 77 15
172 96 23
122 107 87
12 119 62
72 186 4
187 186 38
86 58 75
105 94 56
99 54 86
76 26 8
191 196 61
163 21 87
180 10 56
102 77 78
14 1 38
148 118 89
26 30 44
10 134 30
63 134 12
40 197 63
135 156 33
26 192 18
195 114 45
84 190 22
197 48 70
190 54 42
74 152 27
58 61 71
80 138 87
132 199 9
76 52 3
69 162 83
118 124 79
153 95 12
127 142 31
59 196 56
145 187 17
195 150 91
105 98 88
67 2 18
61 187 89
53 161 16
195 140 77
79 189 27
68 19 16
88 54 91
196 195 45
78 138 65
75 97 36
74 164 2
196 136 54
77 155 59
48 7 75
32 109 17
32 168 73
87 164 75
140 108 3
110 100 10
133 164 75
116 76 79
83 37 78
196 54 86
21 19 73
54 143 97
41 183 28
76 115 90
103 100 64
197 71 9
78 179 4
97 49 9
47 6 31
34 44 34
51 44 69
76 43 77
0 44 16
100 51 90
172 142 74
194 75 20
96 140 80
51 197 22
25 149 14
108 101 28
88 35 19
118 175 87
192 116 75
18 63 70
16 183 55
170 97 54
89 104 41
4 176 10
22 140 14
116 77 27
113 111 59
16 187 78
63 188 21
104 28 30
1 184 33
199 152 27
147 172 61
88 169 59
46 29 83
147 158 39
63 107 66
39 112 74
99 149 53
89 150 70
72 93 72
107 135 52
88 186 32
67 0 38
2 139 99
192 192 83
50 145 23
3 99 79
134 53 31
131 57 56
96 88 15
116 176 60
132 152 61
107 44 19
27 168 84
130 152 14
82 86 22
181 75 45
13 96 13
45 135 80
117 81 11
184 186 29
128 117 89
82 187 33
89 178 11
76 65 26
176 171 3
115 105 77
122 77 30
11 10 67
159 164 23
119 181 93
21 128 66
126 25 33
96 25 41
179 163 31
190 2 24
147 62 23
124 193 15
50 56 46
148 155 90
130 83 69
6 27 27
63 174 99
184 190 40
33 120 91
52 71 82
198 8 49
101 150 62
37 21 64
177 153 51
3 132 52
158 58 11
9 13 50
21 26 88
164 20 20
38 56 33
65 54 16
40 43 27
78 58 13
149 88 14
175 153 2
123 57 74
154 174 85
74 113 39
113 52 91
156 102 17
18 10 12
181 45 96
7 127 68
170 120 97
89 132 24
115 154 2
43 8 95
139 156 96
107 31 56
83 106 69
142 195 36
58 152 25
112 115 62
125 50 74
10 75 33
53 113 38
54 191 67
185 188 26
161 101 74
128 1 83
92 1 98
144 191 49
0 116 30
64 138 76
13 192 81
100 154 41
34 196 88
195 40 80
105 16 99
43 196 2
62 88 10
131 83 58
143 125 21
4 11 67
121 4 76
180 123 74
130 150 75
6 100 71
61 159 13
122 35 48
125 118 41
91 165 1
33 51 83
4 31 13
54 192 78
57 188 10
148 175 85
146 41 43
28 139 60
136 3 68
172 186 64
50 79 94
50 39 47
91 7 73
37 191 5
132 43 88
84 116 8
36 197 85
14 15 14
192 78 65
131 145 88
49 138 23
123 117 92
29 4 80
135 58 32
130 134 74
77 82 47
129 90 9
101 10 7
51 114 94
175 64 83
103 27 21
126 176 97
170 73 57
142 147 77
0 106 12
38 120 10
168 130 39
19 1 52
166 132 44
52 169 8
107 72 4
34 93 1
4 16 88
46 185 49
153 18 37
153 53 78
179 175 24
65 163 77
166 99 96
91 50 62
14 59 35
101 32 86
84 101 34
190 59 44
24 154 21
105 107 90
189 71 32
98 44 18
139 50 88
9 97 44
18 173 39
63 83 4
132 5 64
156 193 93
80 170 60
74 123 67
84 160 76
112 82 26
159 47 91
155 160 13
193 58 81
88 73 90
8 156 20
180 20 61
199 97 58
44 153 15
20 80 83
78 82 93
58 116 56
70 117 11
119 27 63
52 155 17
55 58 3
4 80 98
99 50 75
159 169 50
42 194 19
138 185 78
1 58 13
140 10 53
76 86 54
77 135 98
70 133 62
59 26 74
25 71 24
72 39 22
18 87 95
92 110 82
87 162 40
108 134 41
9 101 79
75 179 93
93 180 41
115 199 89
138 109 16
7 4 65
179 199 17
139 62 85
69 66 50
14 99 31
141 198 56
107 10 63
1 179 59
146 159 41
127 9 20
161 112 1
17 105 30
63 26 3
72 17 30
86 69 37
83 137 54
46 42 6
11 65 44
25 73 30
73 13 14
0 58 32
133 195 26
91 138 71
146 28 63
184 31 88
120 107 77
113 84 59
176 54 90
120 82 61
122 186 10
151 161 74
30 161 83
139 182 47
36 76 56
107 147 92
181 64 18
95 15 81
31 116 50
52 49 12
42 126 26
14 158 27
140 182 90
4 41 37
0 15 7
138 118 93
97 50 78
141 81 22
49 3 62
41 79 77
40 149 98
172 175 52
16 110 63
190 25 86
140 4 43
122 179 76
43 56 86
187 43 67
101 142 15
159 62 64
178 182 30
185 93 74
96 60 76
94 101 30
95 47 11
193 158 7
138 180 36
144 178 80
34 123 53
98 31 84
176 165 59
166 18 44
94 18 18
187 11 96
159 3 17
48 90 8
21 132 3
150 141 22
115 162 79
169 44 11
0 14 99
151 81 38
144 7 41
185 10 41
31 151 60
71 185 79
159 171 53
35 61 55
167 190 58
61 63 97
59 70 20
29 79 8
14 52 18
187 65 37
76 16 63
1 182 27
25 117 61
177 162 86
25 103 75
9 25 94
100 140 4
197 7 7
43 26 13
117 125 27
45 36 83
49 49 11
189 135 49
47 115 56
130 37 60
5 174 82
134 79 58
156 115 37
148 103 63
150 102 28
75 41 85
88 71 46
136 101 53
106 181 86
98 62 92
81 193 81
195 86 56
108 185 56
103 152 16
129 116 12
5 183 54
151 110 78
121 85 82
77 130 40
9 182 65
185 154 17
156 38 28
187 20 39
146 175 86
62 103 91
102 158 15
156 164 40
92 50 38
185 78 1
81 184 4
192 0 14
167 171 43
100 173 11
172 135 16
14 132 54
59 129 41
63 21 79
109 22 72
180 56 44
4 120 9
69 186 72
110 43 25
67 149 89
90 112 39
161 100 50
21 164 12
132 101 58
2 129 53
135 197 85
3 21 20
97 44 33
155 166 50
188 131 49
189 29 55
110 40 46
48 86 72
145 75 83
74 169 26
113 116 17
130 151 35
196 122 57
60 43 4
77 136 85
102 154 96
61 122 20
183 64 3
169 31 55
134 9 45
109 6 93
191 21 65
151 129 33
43 186 82
52 48 29
33 144 5
169 82 5
9 31 1
138 113 18
63 124 38
80 15 90
60 6 99
81 101 71
97 62 11
127 143 43
121 89 3
40 117 96
127 145 45
127 20 33
64 97 11
181 32 99
48 157 12
181 156 41
166 141 55
180 184 100
52 89 9
69 34 55
97 150 81
61 179 83
78 134 45
63 40 87
131 194 34
85 47 48
127 71 1
29 10 33
108 20 91
188 197 10
37 176 57
151 102 50
58 79 16
177 196 30
132 105 23
54 43 44
134 123 8
175 173 12
62 23 1
0 60 43
166 191 2
87 37 69
189 20 28
68 149 14
56 2 3
150 93 69
41 37 72
165 36 44
86 162 13
32 192 96
26 194 58
48 160 57
11 30 72
159 7 97
153 155 35
0 83 90
72 46 89
94 75 52
46 156 68
5 199 16
50 135 95
8 160 83
53 120 16
135 8 82
97 61 71
51 104 87
102 48 1
158 80 26
183 169 32
189 56 100
14 168 76
191 48 79
8 174 8
174 6 70
35 127 82
56 72 76
161 182 67
170 190 52
15 76 48
132 173 69
155 89 58
83 27 60
24 72 68
64 59 2
44 188 84
101 181 33
93 168 20
147 195 86
141 110 95
105 152 45
47 142 18
83 186 26
47 82 49
123 142 80
195 157 67
33 58 58
24 164 2
91 70 58
147 182 96
150 87 84
103 79 34
116 134 1
139 25 19
195 189 73
131 12 27
72 142 84
69 129 49
179 137 27
156 189 2
144 115 47
100 169 22
131 45 85
109 83 12
167 29 24
65 174 23
143 115 61
53 45 100
196 49 73
194 171 30
14 110 75
147 29 68
143 159 84
25 144 4
136 103 67
79 22 30
132 52 89
138 142 1
178 162 76
86 151 32
121 82 77
172 8 24
177 55 13
135 111 55
102 189 77
47 57 75
13 167 82
88 119 54
39 13 85
156 52 58
114 119 98
184 105 7
61 167 86
64 93 37
94 38 63
82 139 37
153 128 40
53 74 68
31 149 98
43 68 22
17 175 39
26 133 18
160 95 43
164 107 85
164 177 80
128 87 89
141 102 18
176 60 59
81 143 65
64 119 82
42 94 7
157 106 98
49 147 85
4 101 24
78 88 59
122 18 65
146 192 65
138 73 31
81 199 18
160 97 84
5 92 28
70 38 54
167 145 96
121 114 20
47 79 44
52 34 78
80 153 61
33 54 61
172 53 90
106 68 31
20 163 72
185 90 54
158 31 96
198 1 73
96 193 83
181 165 10
7 89 77
130 137 30
172 106 76
25 168 21
80 91 16
142 63 51
54 85 38
29 102 98
166 5 93
18 112 98
94 108 97
60 142 66
131 121 57
57 118 85
182 23 37
118 144 2
118 23 94
60 141 4
184 9 90
172 164 92
42 48 33
142 125 64
109 45 34
93 138 73
103 105 20
46 157 28
156 136 5
31 189 10
74 176 47
84 138 26
88 87 18
131 160 34
158 199 82
24 92 14
68 58 26
56 120 74
124 198 92
81 186 48
185 141 57
170 172 63
122 153 94
24 135 82
159 121 87
174 132 81
66 187 70
134 3 59
81 33 81
82 108 72
122 123 22
159 20 39
38 6 96
148 198 50
162 185 3
144 123 8
174 133 30
93 43 10
23 173 63
199 127 61
78 166 57
172 168 73
181 110 6
186 159 99
3 155 50
36 82 43
118 15 18
113 150 7
137 111 29
115 110 76
193 51 28
36 118 5
193 192 32
12 199 4
58 31 12
165 26 20
109 85 60
195 66 50
10 30 36
129 80 53
183 146 61
28 36 12
64 160 30
138 19 86
68 138 45
91 6 17
96 57 2
166 98 35
133 176 55
120 16 9
116 160 93
59 60 36
121 102 80
79 126 42
42 75 78
101 24 72
63 62 49
150 104 69
114 137 51
150 151 15
39 175 40
123 110 74
155 86 74
75 149 95
185 7 93
188 16 19
176 97 11
54 180 81
105 123 9
73 74 5
134 35 43
60 166 28
50 172 66
61 199 99
191 109 12
110 169 78
109 75 4
106 178 12
9 152 4
85 143 25
183 191 61
73 89 54
164 131 63
91 14 49
39 182 83
110 71 76
57 27 77
71 92 25
45 13 25
184 121 28
7 171 3
99 44 35
81 30 85
78 172 58
139 5 99
108 8 45
72 192 74
184 97 74
67 100 82
37 135 2
151 23 48
41 115 76
9 196 41
91 135 1
186 105 44
163 183 71
181 139 84
9 75 58
143 99 34
28 135 32
20 109 33
3 125 63
153 184 86
74 179 86
161 50 28
68 165 55
3 65 95
16 86 16
29 104 30
152 150 69
161 191 56
88 114 95
63 31 34
27 19 17
146 152 90
67 154 23
38 138 82
68 150 14
119 180 63
92 187 97
155 56 57
137 91 45
21 138 73
159 142 84
50 170 18
190 100 88
27 4 76
181 0 74
97 119 96
163 174 3
178 95 9
161 104 24
46 127 93
93 33 65
151 49 40
9 7 51
97 34 1
38 99 97
173 156 99
133 28 28
92 90 11
100 20 78
143 190 37
86 97 76
25 111 23
24 79 79
137 34 1
157 189 3
170 116 47
82 39 45
123 65 14
12 39 99
18 43 33
70 152 29
87 50 78
7 154 32
22 17 7
170 31 43
103 56 89
160 139 46
47 61 13
94 109 89
6 115 57
93 78 95
105 176 56
137 106 36
21 104 2
151 167 93
179 83 84
114 166 77
0 129 65
103 165 69
14 163 3
58 35 46
65 134 72
128 81 82
180 166 88
55 168 13
109 178 46
179 144 18
192 43 23
184 112 73
48 178 75
126 24 71
40 127 41
153 84 46
160 52 34
30 56 47
151 186 95
73 194 45
136 110 17
97 66 71
117 135 89
59 164 17
94 11 8
194 124 79
96 115 70
167 24 5
34 14 16
186 40 75
159 190 34
139 137 33
120 83 55
40 98 64
112 8 51
179 31 76
151 107 48
133 142 43
100 106 11
196 0 87
68 142 8
69 101 58
170 161 92
165 93 49
133 58 27
156 120 49
189 39 15
189 151 8
85 25 94
194 2 62
61 114 89
131 26 71
160 81 66
45 96 55
16 157 71
174 53 82
54 151 77
197 157 20
1 48 10
157 147 44
34 152 19
74 15 59
60 188 28
148 83 36
13 172 32
149 89 29
105 144 51
75 46 98
196 111 9
163 170 32
107 18 53
163 177 24
150 63 64
43 162 38
144 167 49
172 45 28
25 95 80
85 100 28
163 153 40
24 141 70
52 159 74
71 33 12
199 20 89
39 191 41
40 179 92
92 177 91
188 42 23
28 108 12
72 177 42
7 188 31
190 42 31
100 7 19
94 34 86
79 34 88
159 124 86
40 2 66
69 68 28
156 105 55
36 42 34
62 70 58
115 155 60
140 28 60
19 129 36
198 34 28
167 193 46
49 192 79
122 188 91
108 68 18
160 69 85
105 138 11
62 34 3
48 112 77
143 14 73
171 152 41
193 123 56
134 190 78
7 166 61
180 13 96
180 83 24
177 19 72
57 174 24
27 9 15
12 138 75
196 156 26
42 139 53
155 30 11
5 146 76
75 49 81
143 169 95
194 19 7
186 79 16
87 104 59
96 157 15
60 55 80
141 148 13
115 141 41
182 113 9
108 17 25
198 189 80
193 77 51
53 189 57
32 107 90
109 114 85
20 113 4
162 139 99
58 63 23
188 77 62
123 127 66
125 97 1
66 169 71
90 137 48
129 110 48
191 79 98
50 147 49
167 4 36
117 159 43
54 175 10
86 61 73
48 94 97
61 170 36
73 116 25
0 75 53
11 113 95
59 185 91
98 137 47
93 68 45
117 143 16
95 88 17
36 16 35
115 80 96
88 189 91
69 143 24
37 10 58
190 73 8
102 153 43
13 128 97
169 178 23
149 91 89
115 22 59
45 192 50
161 121 2
197 78 14
55 186 5
180 39 98
170 133 90
39 163 100
72 49 31
30 180 39
43 86 26
25 198 81
122 167 36
182 172 59
159 73 20
190 188 66
132 56 45
147 70 86
47 157 50
44 52 52
107 90 10
54 62 8
55 31 90
179 21 68
13 126 53
76 73 52
114 134 81
13 50 27
11 57 11
167 32 96
172 23 36
187 108 30
42 151 53
109 95 86
147 91 64
188 6 76
102 13 59
139 191 68
167 161 76
182 195 35
116 62 17
146 38 83
33 133 93
117 174 24
35 49 25
142 33 33
27 194 13
180 188 12
87 56 37
23 31 60
100 25 48
84 184 10
184 194 22
3 0 99
43 82 28
127 141 73
79 116 82
2 34 9
139 127 24
40 75 9
12 60 1
14 74 46
20 129 6
142 149 28
17 167 26
74 28 38
26 115 74
78 4 99
144 177 13
181 87 8
87 107 95
71 86 71
144 50 60
144 180 84
13 63 9
30 108 94
44 15 15
92 70 20
48 128 32
1 163 10
99 106 98
129 73 23
35 108 96
22 134 67
76 41 58
142 44 75
50 33 49
134 47 17
77 18 43
50 66 9
115 54 2
98 185 13
170 174 82
163 101 68
24 170 46
199 119 94
92 118 59
53 154 84
77 198 77
174 41 79
90 78 23
113 17 77
176 27 61
2 70 1
140 56 16
183 48 33
63 185 92
181 108 73
136 183 66
158 145 54
132 137 89
198 192 24
142 108 30
149 109 23
93 22 54
59 112 11
94 32 21
57 72 52
39 132 12
31 135 17
15 16 75
55 55 18
22 161 50
162 92 13
55 53 75
29 150 63
153 141 36
5 81 13
151 35 33
34 173 84
167 96 10
99 127 83
61 177 34
151 65 53
166 167 17
14 135 63
148 140 81
31 124 27
16 138 78
145 113 4
198 92 40
127 118 54
125 70 69
145 144 68
42 99 39
75 53 67
161 80 3
130 111 95
20 119 17
185 95 84
126 29 80
187 97 14
138 153 40
56 13 1
45 185 2
118 72 81
46 48 34
197 62 71
23 56 82
89 74 36
51 49 26
40 142 68
175 177 6
115 180 78
183 96 25
187 45 57
127 42 17
50 2 58
33 146 34
160 94 48
125 188 90
57 8 11
80 190 36
151 92 35
66 188 66
86 105 38
124 119 31
197 101 24
14 113 41
82 56 59
128 37 59
68 185 50
64 55 54
20 78 90
173 60 12
187 8 43
111 192 21
72 122 13
169 49 20
25 94 76
165 129 15
192 177 59
25 178 4
186 135 85
189 140 62
18 196 56
15 49 73
129 186 51
28 35 16
158 129 86
73 136 71
145 90 8
170 154 52
173 49 95
12 44 64
70 47 17
2 134 59
6 71 85
37 181 25
3 51 28
169 108 21
8 134 72
3 18 85
101 44 32
167 160 56
50 65 3
131 22 16
169 2 74
101 156 31
7 134 53
25 0 3
185 104 62
36 57 41
90 29 74
114 133 31
159 59 43
26 122 13
116 14 31
151 33 57
78 148 2
22 22 27
99 111 74
163 172 81
13 19 56
22 191 91
86 181 38
164 18 90
195 164 62
141 182 71
61 4 72
170 170 87
68 113 57
7 114 84
90 89 52
153 52 13
79 60 15
134 139 86
47 53 89
43 98 2
76 46 51
142 11 59
82 98 78
140 177 73
151 148 69
103 67 32
69 37 66
10 171 70
41 38 43
97 53 85
67 193 5
111 61 25
162 78 39
163 79 69
142 170 34
61 81 78
134 91 10
62 111 1
22 112 63
60 101 10
84 83 53
179 198 23
28 190 77
104 132 47
84 136 36
69 83 13
153 13 31
30 83 93
33 5 33
197 77 94
87 11 57
172 117 23
129 12 77
24 175 100
33 153 90
103 143 39
54 19 94
84 178 82
134 6 91
158 53 8
67 51 63
47 2 25
26 88 45
23 188 25
52 80 35
3 39 47
71 135 54
157 42 40
9 136 46
25 165 77
99 174 79
4 113 54
66 0 5
148 1 85
182 52 61
199 164 25
45 33 47
153 114 68
58 187 88
164 152 74
13 131 96
169 8 1
138 131 3
186 52 47
168 19 58
27 74 95
75 24 81
120 164 25
75 190 88
82 190 92
48 91 55
52 191 59
90 55 25
66 114 92
171 95 61
46 20 51
25 69 84
32 2 8
15 53 75
154 15 58
98 183 100
110 128 17
145 117 40
60 73 9
164 1 60
70 56 15
78 5 73
91 164 37
140 62 100
194 186 81
107 150 1
9 106 95
120 49 1
16 137 20
37 119 20
96 126 82
175 35 21
177 95 73
20 34 83
196 183 20
178 51 66
52 116 74
169 102 5
132 31 46
49 160 65
112 83 71
1 28 46
169 137 83
161 4 47
50 72 26
111 163 1
134 128 16
150 54 5
105 175 70
190 97 49
73 40 49
109 155 28
125 86 86
46 36 33
73 64 61
81 65 98
95 68 48
21 121 95
149 49 72
52 103 26
90 24 79
145 11 83
127 25 15
49 59 11
1 20 18
152 63 48
20 92 65
163 4 34
88 104 54
45 158 83
130 107 50
148 64 8
76 119 63
155 147 84
185 186 70
162 148 30
84 139 64
156 121 89
125 73 61
117 79 35
107 190 19
145 108 13
194 110 56
103 47 46
61 54 10
184 24 66
140 135 48
168 194 48
24 28 81
165 52 33
163 73 34
103 7 19
182 188 26
79 180 27
47 73 35
109 187 92
77 185 60
22 52 17
108 61 62
3 172 43
123 94 89
74 86 47
132 125 35
59 99 76
199 147 52
76 161 53
157 53 37
98 6 42
41 197 75
157 139 39
47 195 100
71 177 8
163 12 95
5 24 77
2 125 18
67 123 17
124 21 35
87 143 67
141 161 16
12 178 81
139 104 89
4 132 18
133 53 56
152 92 57
72 65 16
53 165 90
59 151 9
157 115 37
196 95 12
177 93 32
123 83 25
58 104 55
146 157 81
31 45 16
113 167 23
36 160 58
54 120 57
158 13 52
54 69 27
115 123 86
51 76 34
165 84 97
4 193 5
176 128 51
115 88 39
154 139 72
28 86 94
27 188 19
84 98 6
154 127 82
152 24 93
80 32 9
3 135 7
159 173 59
94 62 55
59 31 35
87 157 10
104 195 92
136 82 56
37 28 41
185 156 10
51 164 17
54 167 70
0 9 75
24 109 89
197 123 67
42 66 22
167 146 46
52 199 55
167 104 49
23 67 10
50 41 12
98 12 23
152 86 17
51 18 4
188 166 29
93 194 4
153 21 64
119 96 46
138 159 93
100 60 70
15 172 94
139 126 46
177 151 72
88 152 13
3 112 66
142 161 81
156 66 13
133 185 28
165 179 63
70 7 98
49 53 66
98 138 32
4 150 77
124 149 3
195 6 76
99 113 99
74 105 92
0 81 27
75 99 91
66 124 72
45 107 64
186 164 69
127 33 20
137 5 31
41 39 1
126 46 30
129 34 60
114 192 50
32 139 88
93 148 60
60 87 35
12 101 28
18 183 3
77 33 33
92 142 2
167 38 23
36 131 11
136 114 42
136 128 76
159 94 5
115 120 58
149 30 90
132 94 31
22 32 37
62 38 45
144 83 57
165 2 70
65 113 25
105 68 26
174 194 50
62 154 80
13 145 42
180 55 29
78 12 3
137 122 42
8 16 52
138 92 9
189 7 56
56 113 99
13 163 77
156 118 68
11 176 38
133 131 77
172 162 7
3 40 41
95 189 79
122 52 23
88 183 13
113 0 31
18 91 98
195 80 3
3 47 36
73 126 69
159 179 1
180 148 32
162 21 86
28 144 34
49 57 33
105 75 68
5 131 22
199 161 69
57 159 66
82 73 31
64 143 52
147 57 76
98 135 43
133 60 60
79 121 51
186 154 30
57 181 3
99 107 29
153 181 100
157 104 31
141 168 67
132 138 8
96 59 30
131 90 7
19 107 76
75 107 72
82 158 33
192 115 8
94 162 4
138 152 62
85 118 6
132 0 18
147 79 89
41 180 9
62 87 57
20 77 97
195 160 25
150 172 23
108 111 100
196 79 10
3 199 25
169 14 14
98 17 46
119 43 95
111 79 68
164 44 31
88 130 38
30 90 2
130 5 37
108 195 51
4 49 12
71 76 38
142 61 91
95 181 46
125 108 55
8 35 17
86 29 22
149 162 50
41 99 35
136 0 69
118 54 70
144 137 86
171 122 39
163 91 92
28 154 65
130 127 95
133 106 88
46 78 90
109 175 42
59 116 38
6 16 74
7 65 53
154 25 72
150 62 70
173 31 84
178 146 1
56 28 85
123 49 46
149 196 69
2 44 24
22 83 19
164 2 4
154 55 52
49 95 61
70 45 60
173 65 17
168 41 55
134 191 11
51 159 23
161 134 2
87 14 83
43 160 24
89 9 46
76 198 38
72 54 72
104 64 19
24 24 20
109 181 17
170 96 16
194 63 75
48 132 4
118 46 88
120 64 12
145 105 70
47 15 27
166 92 43
39 155 48
42 107 72
8 98 71
107 149 81
8 140 99
184 145 89
56 36 97
162 144 2
141 80 79
98 18 73
10 153 48
112 34 55
71 153 42
195 1 19
118 44 76
21 105 2
118 171 45
131 34 35
143 106 69
100 5 89
192 143 11
178 7 61
71 182 79
112 7 10
152 89 72
131 152 84
83 56 95
121 154 6
5 65 44
100 80 93
46 166 72
146 47 76
189 148 69
8 54 4
73 4 35
62 16 37
60 64 80
75 54 13
54 36 53
184 168 64
151 4 15
20 178 79
20 123 8
4 182 43
141 196 88
83 192 62
83 47 31
21 62 9
22 9 19
150 193 60
85 31 1
13 95 73
97 48 67
34 90 74
169 173 10
46 122 63
14 188 72
93 173 67
69 62 30
173 97 91
65 160 51
43 148 85
2 118 88
23 146 58
53 192 51
175 106 8
60 28 8
9 49 87
95 154 3
162 199 93
129 70 98
89 12 33
33 70 45
17 88 12
35 137 49
2 11 12
133 93 46
147 105 19
72 58 95
20 172 72
135 134 36
161 27 21
173 64 77
193 1 37
97 45 3
163 68 78
26 193 38
118 47 2
20 42 62
91 188 79
125 127 81
49 41 47
54 165 68
53 25 66
12 171 2
78 59 92
111 48 83
113 131 29
105 19 74
4 171 33
100 120 6
57 82 77
194 103 26
90 136 45
130 20 77
82 46 38
5 41 13
78 37 2
166 72 91
83 17 27
135 10 98
68 194 72
77 72 89
133 109 54
3 174 93
11 146 73
81 198 49
52 60 49
151 18 27
68 130 94
85 172 25
27 175 83
117 107 92
64 132 92
118 40 42
156 158 61
89 138 81
147 71 34
63 130 72
121 24 83
192 122 2
101 180 1
53 124 94
155 29 76
89 144 37
38 113 84
82 128 22
120 111 27
165 17 97
91 178 100
9 188 42
169 87 55
61 169 96
193 59 83
177 22 72
173 59 79
162 186 70
105 14 30
57 64 3
101 198 80
104 145 21
91 167 60
159 184 13
22 58 56
118 170 6
21 189 71
180 71 6
166 198 70
107 196 89
113 34 44
123 190 43
180 103 78
194 194 73
106 77 50
165 135 71
122 120 93
95 0 57
185 96 32
19 3 38
56 169 42
164 37 67
36 2 86
34 176 75
154 37 86
66 118 16
44 60 85
42 91 15
153 91 24
87 74 34
48 105 58
120 78 60
145 15 4
129 71 42
179 76 49
110 58 32
121 177 52
178 6 44
199 180 28
116 81 10
90 13 89
121 44 31
72 176 17
189 124 75
108 149 60
176 88 55
23 94 30
176 163 1
84 43 41
168 73 87
85 56 91
60 147 46
114 147 70
109 68 48
79 40 11
145 3 22
64 193 94
194 31 69
24 8 39
189 64 67
27 70 41
113 8 17
98 149 69
9 129 42
165 122 81
178 72 68
11 21 75
42 108 55
155 170 33
182 100 51
66 70 48
43 11 16
167 15 26
14 122 19
21 169 78
177 172 68
29 85 74
67 47 32
21 36 70
34 168 98
12 68 85
142 43 10
168 115 21
174 118 15
11 141 62
132 17 83
150 106 23
25 169 78
95 17 30
82 51 34
51 101 42
8 30 54
117 48 75
83 168 24
46 115 90
57 146 91
13 83 54
107 85 59
171 199 86
143 97 65
128 0 63
58 130 25
156 88 63
17 6 81
132 148 45
138 71 3
69 20 52
96 10 64
27 162 16
110 62 4
57 89 30
85 116 86
99 1 2
183 86 1
197 121 3
20 15 32
30 111 61
100 139 27
33 169 51
115 39 8
30 195 94
126 105 8
85 15 90
63 0 68
14 45 26
47 128 68
127 69 63
79 85 76
172 49 86
167 195 83
108 88 83
184 23 36
173 5 55
34 89 94
27 108 92
48 199 22
160 154 80
6 42 55
176 95 61
67 21 97
38 122 88
185 145 57
113 175 46
130 6 18
39 47 26
148 134 10
106 132 36
160 169 100
62 35 12
179 13 79
117 177 75
2 71 70
83 124 24
188 154 84
2 86 72
53 138 22
67 37 30
42 125 80
177 49 80
68 183 62
42 98 73
102 49 53
125 69 11
85 148 55
11 169 100
125 45 59
72 172 18
102 23 81
193 72 39
131 77 31
9 14 26
125 151 67
139 121 98
175 28 39
49 67 87
64 17 36
197 164 86
79 75 49
45 40 79
120 162 40
142 29 84
177 188 69
33 110 96
71 35 45
162 57 45
83 134 14
2 58 62
106 148 13
68 17 12
70 102 33
159 105 35
89 180 57
61 139 95
3 38 88
96 195 39
102 186 30
89 78 62
156 71 59
23 66 67
111 105 32
97 122 1
48 48 44
119 86 31
129 22 81
158 46 87
107 23 83
39 192 13
11 56 15
155 162 24
64 64 85
57 20 86
60 2 48
83 54 33
26 147 100
173 104 58
72 180 25
67 43 96
91 51 29
138 58 83
10 131 87
23 128 36
158 30 53
32 26 18
89 198 100
146 109 76
77 160 50
81 67 38
187 55 36
116 66 79
188 40 92
13 173 2
21 187 45
36 167 100
80 172 28
192 36 48
4 118 40
106 59 90
95 93 21
189 74 64
165 178 66
29 5 77
182 86 35
197 75 1
22 33 58
101 22 49
50 23 77
93 146 88
8 77 60
56 79 1
108 164 20
145 165 55
69 134 15
36 111 59
100 58 75
1 69 17
153 62 77
14 55 18
133 188 9
173 165 9
176 42 87
170 107 37
20 197 60
79 132 95
122 7 6
84 38 41
29 139 9
182 96 2
175 131 23
43 111 81
125 0 96
30 2 67
24 189 7
111 72 72
46 73 66
98 186 24
55 153 22
196 108 64
10 147 62
15 101 66
145 14 81
88 134 70
78 38 49
136 95 36
49 124 29
26 196 1
129 1 49
126 33 34
51 149 43
109 152 45
68 16 76
137 162 45
33 9 67
53 171 95
39 139 47
26 108 71
132 115 72
53 28 13
80 39 12
51 186 46
33 92 37
115 3 72
133 146 7
95 30 54
103 163 14
194 173 34
116 195 28
191 184 45
126 88 75
67 89 57
40 119 87
50 40 11
6 66 88
178 108 82
68 14 10
180 100 96
1 197 15
40 24 60
102 56 100
45 161 65
119 197 74
36 114 24
3 168 48
105 193 67
116 183 70
67 131 21
168 95 20
173 84 29
119 170 75
160 152 65
84 122 26
167 98 29
175 167 67
151 162 88
76 134 83
172 108 10
128 139 99
164 162 82
29 27 47
191 73 39
8 87 72
130 62 60
50 82 70
49 23 38
12 28 38
63 128 14
159 75 7
57 143 85
95 110 60
110 143 80
34 191 85
161 11 40
177 105 93
24 123 77
122 76 97
6 90 11
148 166 91
146 150 92
34 8 79
150 149 29
35 74 76
166 49 3
195 170 65
171 163 1
149 195 6
93 127 52
119 143 8
8 150 22
45 153 34
29 149 53
169 60 46
135 15 12
131 123 73
187 12 93
136 136 36
100 71 73
101 1 89
122 115 69
58 7 90
33 84 29
110 34 65
48 78 100
96 125 17
114 71 59
118 12 79
72 89 67
36 32 66
57 76 82
31 94 64
141 97 22
87 95 9
174 91 16
65 144 67
4 166 22
164 28 22
14 123 89
90 160 17
191 46 75
75 118 72
92 27 97
14 139 40
184 187 35
117 141 37
123 145 72
116 103 20
36 177 5
27 11 29
81 58 2
152 91 30
31 138 22
50 179 75
94 121 90
193 86 57
51 90 31
126 147 49
91 38 71
28 64 37
124 105 93
88 128 35
158 77 42
126 109 11
152 178 40
129 68 69
9 70 30
117 36 56
73 198 96
173 40 94
176 71 27
191 47 46
164 136 46
71 64 78
199 105 15
118 89 51
28 30 31
49 134 98
110 196 37
193 11 89
102 174 61
125 107 3
41 143 72
133 117 14
171 31 54
10 41 71
49 193 55
21 68 90
102 122 86
115 91 62
172 66 96
111 12 57
98 146 99
175 102 75
39 142 72
0 183 94
168 70 59
104 14 66
136 35 50
107 93 11
74 8 47
12 35 99
74 30 25
104 148 47
96 146 69
43 5 86
137 42 93
154 164 31
183 113 64
65 85 71
53 66 9
106 71 54
84 25 65
112 119 89
188 171 67
0 17 80
199 111 30
199 16 28
47 160 96
29 96 6
105 36 2
118 122 66
130 113 58
154 84 31
94 148 41
165 107 77
67 107 26
56 77 49
103 176 3
109 137 86
62 7 6
63 68 12
189 181 17
102 157 25
16 192 6
140 84 20
11 138 32
58 42 58
46 148 92
54 148 47
4 98 57
93 197 74
180 195 68
159 31 40
95 148 76
50 62 39
71 50 22
170 78 59
109 55 80
115 150 37
99 194 31
181 19 22
144 110 4
29 194 81
180 5 5
171 170 53
156 146 46
138 72 8
181 28 17
181 167 91
3 75 42
184 98 37
66 145 9
162 192 62
89 79 72
26 58 15
159 137 99
111 138 57
75 48 58
0 18 63
179 67 98
170 1 20
173 57 68
7 41 91
99 19 69
169 165 26
105 158 49
87 35 97
81 84 96
40 77 95
144 88 17
144 47 56
52 166 68
129 124 19
54 131 26
127 15 89
91 114 64
14 17 61
51 191 4
152 101 5
105 188 19
99 6 34
88 188 44
53 95 8
19 28 87
75 6 90
29 18 56
33 90 30
27 31 91
141 41 10
173 101 44
127 179 42
48 10 95
35 50 16
187 173 64
182 124 81
26 95 58
158 197 35
33 180 61
142 35 43
79 175 38
42 134 32
5 74 90
176 180 45
1 17 99
8 199 12
114 162 83
144 75 30
187 192 25
197 99 12
129 111 73
152 124 5
68 92 69
154 182 38
137 196 6
99 115 68
130 146 70
1 138 78
109 183 18
98 83 92
109 77 1
4 58 8
171 94 29
16 181 6
33 136 80
0 69 93
144 134 89
121 42 97
44 64 23
76 5 97
95 144 100
90 165 83
189 90 47
128 122 7
12 7 70
44 32 21
193 23 50
44 23 25
172 140 36
2 8 99
79 193 21
186 92 18
112 167 50
118 95 87
118 155 35
69 118 56
13 137 92
148 171 75
80 92 66
35 115 60
199 63 15
1 53 96
197 170 22
117 112 30
76 199 32
194 109 93
185 67 50
124 24 43
56 6 25
16 111 55
105 7 44
155 92 30
109 29 75
69 61 83
94 3 86
7 79 20
89 123 76
115 145 63
194 9 34
33 47 35
57 21 83
159 134 90
94 71 11
91 122 58
145 68 72
59 171 22
113 27 64
163 151 20
9 112 6
169 132 55
2 176 62
12 55 65
50 143 52
31 164 96
90 164 27
176 151 65
155 124 66
163 10 34
185 79 82
58 171 14
23 114 41
11 109 67
129 193 27
152 42 80
2 109 47
158 38 95
108 117 25
62 151 5
191 174 57
143 139 23
189 80 90
66 30 23
117 186 2
24 187 7
25 186 55
62 9 47
167 143 84
108 5 3
198 6 88
72 62 78
94 6 62
98 150 81
4 143 58
73 72 27
178 157 53
29 19 56
134 127 84
142 131 97
90 74 86
28 50 8
115 130 45
17 189 32
51 155 37
131 55 51
99 120 25
198 122 42
87 52 15
142 21 57
111 95 19
120 60 79
19 109 74
176 55 78
22 68 14
85 125 92
8 121 3
3 7 12
144 164 34
59 58 95
83 34 58
190 53 15
15 122 42
138 165 18
156 171 28
162 45 67
21 144 74
103 156 55
34 87 27
152 5 1
26 198 85
173 128 5
158 72 3
10 55 62
127 163 41
85 64 57
13 195 69
172 46 62
74 88 77
168 105 55
128 143 15
77 127 32
7 19 90
32 27 80
11 198 81
102 38 72
69 111 68
103 174 82
64 142 10
4 191 41
80 113 41
151 93 37
113 133 30
115 27 77
151 197 48
92 175 41
52 171 3
77 68 2
125 83 68
180 136 38
123 108 89
93 24 65
28 136 94
80 122 49
92 18 17
174 119 48
22 118 45
91 131 63
111 24 48
149 169 24
21 59 31
110 126 35
131 112 51
66 8 89
149 103 67
89 26 76
99 134 49
116 2 98
168 124 68
187 28 49
170 51 29
104 95 49
157 94 34
171 57 91
134 133 78
119 185 34
107 162 17
66 29 78
90 184 39
84 54 47
192 90 77
147 186 49
79 171 82
75 135 71
128 17 41
15 144 19
12 79 26
52 52 62
195 77 4
171 125 53
193 118 51
78 74 53
81 23 35
145 199 45
57 74 70
115 38 52
40 67 43
66 125 93
0 143 10
102 155 32
129 26 96
52 144 58
123 42 46
85 169 65
128 86 11
173 6 95
139 168 93
70 121 23
39 173 23
177 154 92
113 105 26
103 31 99
139 96 1
5 153 71
178 175 55
146 31 19
56 33 46
199 165 50
29 199 4
97 39 83
163 11 21
168 160 94
185 155 70
39 94 8
6 145 28
100 46 69
142 97 5
39 186 50
156 50 83
98 123 17
125 133 35
157 150 82
119 35 75
40 100 82
125 77 19
96 84 55
132 128 27
164 194 100
118 128 94
1 83 74
186 12 72
113 120 62
152 11 56
93 178 84
167 197 51
4 104 37
185 66 14
180 154 50
27 126 11
153 189 75
97 8 35
37 44 99
96 80 34
44 126 96
18 38 46
185 179 30
143 193 58
19 53 58
128 22 76
179 150 83
108 13 64
178 180 67
198 38 49
0 24 96
130 44 29
64 8 46
86 132 54
75 88 62
64 141 88
96 74 41
102 166 84
76 10 90
142 3 62
176 145 89
45 48 46
120 52 12
174 55 52
39 8 49
48 113 18
3 42 56
11 144 39
87 199 82
43 137 65
101 128 61
77 178 71
105 142 93
5 109 49
86 112 41
144 117 94
171 153 68
191 77 26
89 5 46
92 32 57
168 119 7
73 112 2
94 59 3
58 182 76
122 180 22
25 32 69
70 142 95
112 139 27
196 66 47
13 66 80
74 109 8
82 52 46
53 162 28
35 179 16
185 83 79
8 173 82
40 154 82
20 195 94
105 49 39
8 17 100
184 165 33
167 31 15
60 97 64
66 11 24
82 33 17
105 2 28
124 185 60
144 195 25
122 174 47
70 106 67
180 131 61
73 68 26
172 133 54
14 90 70
196 23 25
142 58 93
147 40 91
197 88 33
32 196 31
146 103 36
154 78 20
193 182 28
138 155 34
58 27 5
2 126 91
43 80 32
183 94 57
123 136 41
6 61 91
58 84 37
17 124 44
40 52 64
105 80 64
106 188 65
188 132 25
175 14 97
81 36 41
154 19 15
17 53 7
7 87 69
28 159 74
50 113 41
144 129 23
163 114 19
95 44 10
197 30 80
73 177 8
72 81 77
147 25 16
149 179 23
136 144 38
197 76 45
74 159 5
148 38 90
5 6 25
95 179 62
183 73 93
16 97 81
48 142 94
165 5 25
142 111 87
1 116 20
149 170 6
65 43 77
159 86 5
49 61 59
120 24 31
0 148 58
141 90 90
123 43 24
154 149 16
146 4 88
163 156 67
9 45 68
101 119 42
151 141 40
93 134 2
84 177 91
104 159 82
42 153 61
189 192 31
144 153 15
180 125 63
47 185 46
83 167 76
174 28 15
170 168 53
115 135 65
89 96 51
107 108 7
108 147 39
8 3 3
131 115 98
53 173 65
136 36 64
198 162 34
154 96 40
97 115 64
7 180 80
100 197 44
4 30 28
174 80 95
72 35 33
190 93 5
156 179 29
37 68 43
192 99 72
118 139 97
151 100 65
87 100 54
8 1 81
162 48 16
127 3 34
163 104 97
3 22 30
57 105 31
48 11 28
54 81 23
37 39 84
32 96 66
88 120 29
134 109 79
107 16 53
159 155 58
3 100 44
146 184 99
107 173 86
131 174 35
25 150 71
89 58 4
197 74 61
70 77 32
121 128 82
18 101 68
173 27 5
178 196 40
198 172 10
185 139 16
168 152 82
81 83 53
38 173 68
19 101 52
73 173 20
100 34 63
157 123 41
1 36 81
170 28 60
46 37 8
150 180 89
42 73 86
135 110 48
30 194 38
121 75 65
66 141 57
130 96 97
68 30 51
63 173 54
97 36 30
92 188 47
173 106 67
74 42 94
4 85 45
113 75 64
8 40 67
110 199 29
44 109 68
121 6 80
172 101 96
20 19 41
6 82 91
14 155 45
13 23 59
34 180 56
34 81 13
112 0 56
191 27 100
26 171 20
197 98 74
76 114 2
55 16 36
146 143 61
198 146 67
12 31 53
79 42 87
93 162 36
126 64 14
169 105 91
62 125 6
189 18 44
171 30 60
172 141 62
32 54 13
122 13 3
198 67 20
182 16 35
168 16 45
184 0 29
43 16 75
54 181 77
1 121 19
93 16 57
156 77 39
178 26 25
145 191 73
107 180 4
123 181 47
16 169 55
95 135 100
120 94 6
153 120 62
14 167 38
43 145 32
80 62 82
21 32 7
186 178 75
23 195 39
114 89 94
50 105 54
93 113 65
160 172 11
191 187 4
34 34 25
182 112 81
25 137 13
7 162 96
197 8 97
66 7 60
90 15 83
60 159 93
194 25 38
29 95 82
162 156 45
84 117 89
3 89 77
63 8 100
31 72 87
171 139 83
174 7 100
24 125 6
97 189 67
67 93 61
162 171 76
15 110 47
93 4 91
5 91 26
186 13 68
126 167 22
108 18 58
142 62 15
81 49 62
198 151 1
117 162 98
14 140 2
32 152 59
44 79 78
197 33 29
197 149 67
42 90 66
108 95 30
24 188 68
24 9 2
180 86 52
62 90 72
138 97 46
123 124 68
20 174 60
199 169 88
117 67 82
98 37 31
174 87 42
120 89 36
76 184 90
147 134 90
33 41 12
30 70 68
183 76 19
76 39 48
130 178 80
7 160 62
140 3 60
151 178 42
157 177 74
19 106 44
188 26 30
109 73 87
121 183 34
0 197 95
12 15 98
56 162 54
162 184 63
73 101 7
191 53 13
112 122 37
92 3 22
79 1 92
164 46 51
98 94 80
53 40 18
69 158 32
160 87 2
135 7 73
191 169 81
73 176 64
103 51 34
157 81 85
70 163 72
71 14 78
146 102 55
17 19 64
160 24 46
135 116 98
110 177 18
73 44 83
44 26 83
16 94 82
44 192 4
92 119 64
19 50 34
30 123 29
67 145 55
111 188 78
139 21 85
173 138 2
28 105 97
79 161 78
47 166 81
164 25 43
103 42 25
37 95 83
158 0 72
65 179 77
175 107 30
24 103 49
98 70 59
13 157 92
18 42 100
69 139 95
111 6 19
18 136 79
175 98 93
174 35 68
17 61 78
17 166 87
9 51 80
121 178 87
93 9 42
8 76 41
158 79 82
51 134 8
52 161 43
146 158 4
176 102 94
141 50 65
191 62 23
54 27 43
70 15 46
188 90 78
139 107 89
184 18 54
105 190 56
3 60 57
132 6 66
135 21 31
34 132 49
1 31 58
167 53 94
38 125 89
108 16 89
51 65 35
132 30 48
29 9 6
125 166 36
126 141 64
12 88 63
133 12 69
109 54 43
69 9 18
197 65 28
181 118 26
3 108 97
156 70 95
100 82 65
52 126 47
112 107 46
187 156 72
45 151 88
37 86 28
46 52 62
113 35 81
163 121 12
169 151 60
159 98 74
144 29 79
146 162 77
151 152 83
143 187 14
58 156 33
7 184 89
26 177 48
66 177 54
185 35 17
122 124 29
183 92 76
7 118 25
42 165 62
185 114 16
12 159 7
172 131 71
14 20 85
109 93 13
139 22 83
96 192 19
126 166 63
148 124 43
115 21 2
38 149 43
51 119 35
25 191 65
43 100 44
104 107 9
117 96 92
193 106 78
9 87 68
50 175 91
77 168 75
102 199 3
19 137 17
105 130 44
76 24 85
139 177 19
84 6 47
142 15 22
148 149 56
107 20 25
21 119 81
107 34 59
25 136 36
25 24 62
189 48 73
76 66 87
117 66 3
170 150 38
9 82 10
49 69 77
99 118 15
92 169 2
3 86 42
169 164 100
146 70 86
110 103 96
74 187 57
193 137 22
15 153 58
76 23 55
87 81 98
45 67 100
129 159 8
129 142 86
93 54 9
128 177 31
7 10 35
12 152 37
153 1 59
183 2 91
33 107 78
58 16 65
189 155 79
6 150 68
74 142 29
110 148 28
154 120 14
40 36 92
35 67 45
134 94 83
57 104 63
122 70 49
163 120 70
135 108 50
116 148 84
90 8 46
105 24 21
168 131 98
161 6 90
29 87 46
172 94 95
137 133 68
51 56 11
4 21 46
145 27 22
168 196 51
53 85 1
102 74 58
107 184 43
182 51 43
62 135 18
102 159 86
139 59 32
102 86 75
93 188 55
46 136 77
56 159 18
185 12 12
19 123 38
105 25 46
84 169 10
94 85 100
175 4 55
140 39 22
117 167 30
161 68 94
144 71 73
183 54 100
66 131 78
76 31 77
70 116 12
83 35 72
40 38 56
69 28 4
96 98 2
18 194 51
52 17 29
40 9 38
98 168 56
132 131 76
84 191 12
147 3 58
149 16 20
87 158 33
97 32 44
123 51 15
139 161 92
0 114 39
16 161 48
143 101 34
41 177 51
9 158 58
157 72 72
98 142 77
147 83 63
25 135 26
86 168 75
183 106 46
194 8 42
97 185 86
83 36 17
71 70 20
112 102 95
9 118 71
83 6 64
140 64 11
117 169 81
10 85 64
9 189 32
25 189 37
92 134 30
117 50 11
140 18 19
48 35 89
42 150 2
190 92 60
109 132 57
54 137 30
25 44 4
153 130 78
67 67 90
180 50 91
117 58 32
175 196 34
135 121 3
184 183 8
98 143 42
187 119 5
150 44 95
75 134 96
95 40 12
132 44 49
98 15 24
146 180 94
30 35 84
41 193 25
175 85 51
179 147 29
55 81 97
172 134 80
52 101 85
80 67 58
53 128 9
95 65 33
128 115 47
162 38 60
40 74 29
0 79 19
41 42 76
114 33 76
23 72 52
171 48 50
136 64 38
136 81 53
109 166 3
133 13 86
87 51 64
112 134 55
78 139 33
50 198 68
182 127 49
121 55 60
89 143 73
169 192 1
187 76 55
152 159 78
160 197 55
146 138 35
49 113 33
197 195 92
45 39 28
165 62 55
154 136 5
176 159 34
154 16 72
113 193 39
112 172 25
180 194 70
15 184 28
94 194 79
59 120 7
160 162 1
133 178 35
147 95 2
64 5 100
35 105 86
6 168 38
125 30 59
50 4 73
2 199 39
185 116 90
81 169 93
4 155 94
17 70 58
143 49 17
169 37 64
60 51 39
113 96 31
180 127 44
69 33 91
40 156 41
143 42 7
74 161 23
64 19 45
114 198 15
130 135 10
148 163 53
6 189 39
99 82 24
46 165 26
30 181 47
184 77 91
162 116 8
88 187 40
46 162 89
110 176 78
21 43 28
34 55 70
31 81 99
117 116 38
125 20 70
85 27 27
38 130 39
93 192 72
50 11 90
150 122 3
52 73 48
17 138 15
191 80 87
58 189 76
74 191 83
186 198 96
102 145 1
189 171 80
103 127 71
118 151 53
66 160 73
13 171 100
127 28 22
16 121 70
67 172 25
85 35 80
5 116 79
14 183 69
91 112 70
91 156 88
69 63 80
86 32 29
116 198 35
153 2 85
38 36 100
144 141 68
10 35 55
6 29 99
108 114 19
40 65 53
195 94 42
32 106 93
59 34 2
67 59 13
130 187 10
42 167 42
15 199 55
42 154 98
117 37 17
137 6 42
165 29 20
84 128 56
46 15 35
9 90 76
175 61 55
76 64 5
44 145 91
68 75 97
101 34 17
27 104 68
37 55 12
196 67 32
9 155 97
109 169 39
67 61 79
32 103 7
38 76 59
146 62 70
157 66 22
63 20 9
52 172 24
191 159 28
73 165 84
118 52 40
128 25 55
187 129 78
21 49 89
191 35 87
16 48 22
172 97 10
130 8 82
193 83 42
161 60 5
183 105 81
94 12 4
62 196 79
167 93 92
96 96 66
123 12 53
8 82 83
92 149 36
128 19 81
74 68 2
119 196 41
28 44 61
3 188 54
63 55 21
24 39 83
118 17 25
57 81 19
35 196 84
16 18 92
138 28 70
32 158 81
101 160 35
195 194 76
71 145 17
128 162 71
189 87 91
32 119 93
134 187 13
38 9 100
33 86 87
8 102 47
183 23 44
135 9 19
43 38 10
79 96 35
164 69 50
30 107 4
19 0 98
9 186 18
117 91 58
35 150 64
199 104 99
184 34 61
100 77 37
54 132 80
147 109 84
89 8 52
139 153 76
63 125 67
37 34 11
196 143 26
181 140 33
21 81 41
117 192 77
53 194 7
12 64 21
54 4 56
146 136 18
147 68 53
49 182 38
75 35 95
110 47 23
68 190 94
85 127 59
28 156 59
144 150 78
54 58 30
27 171 42
195 165 94
181 61 46
11 38 58
83 183 71
105 141 30
56 71 25
161 41 34
171 101 83
76 135 39
109 21 2
192 145 2
180 61 28
46 128 44
193 48 81
194 83 75
130 193 15
129 129 66
44 67 84
79 72 41
100 188 85
15 50 73
17 12 53
160 51 25
13 98 1
26 46 56
5 34 46
172 184 89
198 4 56
102 65 2
102 9 2
157 131 41
110 179 18
185 157 20
53 130 52
67 52 35
181 183 98
28 160 56
89 171 54
65 143 79
137 145 18
60 199 35
166 36 39
193 39 92
153 165 44
199 23 42
158 120 37
67 102 39
88 159 51
166 90 6
50 34 19
111 198 85
4 181 39
187 37 69
192 37 6
33 149 92
179 84 61
188 127 16
109 64 77
76 14 10
184 134 49
47 109 72
140 197 44
21 6 6
146 149 63
61 14 45
76 181 77
125 32 47
106 14 8
198 196 77
190 15 88
109 129 49
40 96 22
110 13 81
31 5 45
34 38 34
81 37 91
102 4 24
76 2 11
94 168 25
113 112 57
32 72 55
99 66 18
117 30 81
86 101 69
18 193 39
10 4 56
77 107 61
56 112 48
141 119 1
55 27 96
179 133 38
168 120 54
97 131 2
74 190 1
122 138 27
140 48 86
47 154 98
124 107 43
71 117 10
151 22 19
193 127 52
134 176 12
47 140 63
122 183 31
33 173 39
151 61 77
16 136 36
177 78 53
52 141 83
97 85 76
16 12 3
124 145 74
123 76 29
23 6 15
161 102 87
135 99 40
21 171 38
113 32 2
61 156 89
80 139 93
193 155 67
127 43 72
154 20 65
17 146 65
139 167 30
98 100 56
164 39 25
98 53 26
67 72 28
50 106 50
120 98 39
18 78 94
128 8 14
95 125 95
121 123 42
195 71 27
17 30 36
81 7 96
13 111 10
190 56 71
123 68 50
20 90 25
138 138 45
194 149 70
54 98 16
107 60 97
92 195 70
83 132 43
95 164 63
63 34 36
17 43 5
60 29 44
79 79 88
156 29 18
187 91 8
36 124 72
174 95 39
29 3 83
73 151 50
178 41 82
55 114 9
40 187 12
18 110 89
118 41 61
119 52 37
121 36 10
70 101 92
43 3 32
97 194 73
96 181 36
59 172 85
126 9 44
193 7 95
75 156 80
84 68 91
76 106 68
149 82 13
45 155 41
44 129 47
77 71 87
28 168 86
96 16 85
132 165 87
29 54 16
151 70 6
157 121 50
191 113 87
81 35 51
96 171 60
106 82 34
47 23 80
23 167 98
182 60 18
179 0 29
61 141 19
116 136 13
51 81 36
125 74 68
13 194 60
9 88 71
155 173 92
133 168 70
169 47 95
31 74 42
180 158 15
66 111 83
71 186 26
124 18 45
149 102 26
167 110 52
181 72 82
171 64 26
121 63 25
27 190 14
100 13 6
126 89 12
70 188 93
89 111 70
46 90 61
159 150 13
102 22 6
180 15 79
132 133 75
186 192 98
61 56 10
88 33 38
195 9 93
76 142 32
173 83 85
102 171 52
192 95 32
176 46 38
196 48 32
83 122 51
161 153 30
195 27 9
8 14 47
59 62 75
103 95 76
110 109 24
72 135 26
166 80 100
157 117 9
159 199 12
79 32 81
46 181 6
194 96 54
19 147 82
101 54 53
13 12 92
40 182 78
198 128 68
29 25 63
110 64 16
80 94 68
157 142 1
54 73 68
15 62 2
1 183 43
175 125 31
47 40 76
122 172 39
136 135 58
85 1 71
81 2 31
175 195 28
127 178 46
176 107 13
141 104 57
134 181 27
88 45 34
197 107 20
140 188 49
105 76 81
95 28 86
132 107 10
192 63 100
133 10 23
113 174 51
175 176 81
99 85 64
3 74 70
54 188 85
46 177 1
31 71 33
9 160 36
25 17 87
60 85 74
141 48 64
169 185 7
118 76 34
7 181 11
96 65 33
9 48 29
67 130 63
96 90 87
148 152 28
9 94 91
169 69 53
89 135 73
35 14 63
59 95 82
195 17 82
8 41 41
32 108 98
116 102 25
111 134 57
134 124 63
136 140 16
74 70 60
36 122 13
170 40 58
168 80 82
1 125 90
57 166 77
54 2 79
185 40 85
136 17 35
68 174 96
70 19 25
161 124 82
21 127 27
75 85 5
75 116 11
18 61 27
21 183 88
173 37 37
27 185 76
132 171 57
168 121 4
165 162 7
179 111 73
198 175 64
142 193 82
57 94 77
140 113 92
65 84 89
73 124 7
138 187 37
166 174 9
157 160 91
42 24 50
138 27 71
93 35 20
192 35 50
124 57 25
135 196 12
98 122 95
196 170 47
137 53 48
165 19 89
117 114 83
143 165 11
99 72 19
19 198 99
36 148 30
169 55 35
48 6 90
14 127 32
56 53 33
88 47 9
26 123 43
120 174 67
150 72 63
13 7 84
64 27 90
13 154 46
146 63 95
170 3 54
153 46 31
163 56 82
198 30 57
126 137 47
154 156 90
161 188 72
86 117 26
132 72 60
21 10 29
29 91 33
164 17 55
6 28 52
20 36 36
84 151 93
178 183 81
2 150 4
168 116 18
126 140 56
142 14 80
148 71 15
96 112 59
124 94 61
127 82 70
157 182 98
108 151 62
118 83 40
135 184 78
198 123 42
44 5 21
40 30 86
175 103 88
68 65 66
5 170 36
107 66 3
71 4 26
149 87 10
165 64 56
80 136 75
33 130 34
122 116 48
39 197 94
42 13 92
74 45 69
140 174 63
130 31 43
190 163 79
0 97 23
190 177 81
142 88 13
71 18 94
135 137 99
84 48 39
105 13 35
157 6 22
70 84 85
18 161 33
183 174 64
146 145 21
8 136 59
52 90 17
149 21 28
130 18 27
31 114 76
167 22 41
195 97 36
164 130 30
114 6 21
5 178 43
21 66 32
72 18 26
57 135 38
166 128 44
105 134 84
88 14 41
22 8 4
100 61 21
132 95 66
119 176 96
69 109 65
68 131 79
36 159 91
40 115 38
0 78 48
12 104 49
196 126 97
138 107 35
14 37 84
117 23 33
164 93 24
147 146 62
127 101 28
52 25 65
118 82 95
27 122 16
41 164 99
182 61 20
111 121 88
29 61 50
55 173 24
75 125 15
49 161 31
55 78 97
61 61 34
124 164 61
111 166 24
75 123 50
152 181 26
160 14 63
117 178 50
197 138 98
79 174 25
124 103 73
46 101 83
135 94 77
48 146 45
132 142 76
196 92 69
191 41 99
71 41 3
67 53 16
148 129 38
144 24 54
132 62 38
158 96 18
34 163 60
162 77 30
37 60 17
29 169 94
93 115 46
191 164 29
150 86 53
61 22 8
175 26 31
137 152 60
31 125 9
48 85 56
69 124 27
167 69 16
175 164 92
86 40 45
173 103 68
30 151 28
90 143 53
165 151 83
1 98 96
92 74 28
35 161 98
179 184 92
50 96 33
74 126 65
133 59 73
51 179 6
50 53 6
118 142 16
9 79 56
91 21 64
178 2 78
20 97 54
63 84 71
186 7 14
156 99 95
0 170 8
82 12 20
54 100 29
113 18 58
141 53 60
52 174 16
173 188 35
39 59 9
80 16 36
35 29 83
63 4 97
84 64 2
71 80 6
189 76 8
185 128 40
15 28 17
132 46 81
38 135 97
184 177 57
71 93 60
188 137 86
184 38 53
185 4 54
154 175 11
67 33 72
62 46 69
62 86 28
39 53 32
33 91 84
86 107 55
170 141 92
196 68 92
149 10 6
129 131 45
79 66 38
11 60 43
46 105 100
27 111 78
126 16 77
95 35 45
104 77 9
46 134 10
190 182 52
123 31 96
199 95 33
177 152 81
6 59 65
185 181 10
75 17 56
0 73 18
74 193 90
97 46 12
159 40 5
27 178 7
112 44 20
86 11 35
36 74 64
28 2 6
77 98 57
113 40 24
162 0 15
135 102 88
147 80 27
197 79 100
38 169 50
35 103 20
159 99 43
1 186 71
44 1 53
82 76 34
116 19 52
61 62 68
40 7 30
141 73 69
123 147 82
45 191 73
23 32 70
76 55 93
132 162 57
48 65 49
177 10 84
72 110 77
61 120 38
122 164 72
112 101 31
45 54 93
175 147 87
176 104 53
91 121 8
162 95 49
180 96 87
128 14 22
128 163 65
58 139 72
127 113 32
37 36 80
190 44 43
34 158 36
164 141 30
135 85 73
163 150 84
76 89 65
163 147 49
171 150 95
63 108 50
74 168 72
31 64 86
102 47 65
138 87 62
11 116 58
57 190 42
146 26 37
184 88 40
106 108 88
112 97 30
128 126 78
188 186 70
59 82 100
152 155 96
28 132 56
6 22 45
14 161 29
121 153 3
35 84 34
74 50 24
100 191 94
151 104 6
171 62 51
122 74 89
43 185 1
193 36 78
36 19 5
63 24 47
135 59 59
6 171 71
134 197 85
112 114 66
2 162 69
82 101 12
191 191 95
136 91 73
16 170 55
130 199 5
0 0 62
71 137 45
159 93 80
143 161 43
118 78 54
179 181 96
92 8 51
125 159 72
75 106 51
148 165 9
68 135 39
73 148 34
32 73 44
146 92 74
167 125 48
198 36 54
109 79 71
123 119 27
199 160 90
33 61 86
159 85 47
17 162 30
52 63 61
114 139 55
87 140 74
186 19 94
123 165 11
44 9 61
126 126 29
53 11 82
12 84 62
152 50 36
89 6 30
167 100 46
196 52 54
111 80 37
31 34 90
12 191 93
64 135 31
189 117 88
132 66 19
148 145 28
98 56 91
42 162 73
23 141 51
109 199 1
6 191 55
136 126 40
82 91 89
152 188 32
115 92 39
159 183 51
187 72 46
128 49 19
39 184 82
10 166 94
61 171 14
113 163 60
52 107 95
74 32 80
112 70 24
66 74 77
115 113 59
93 139 73
119 158 86
190 121 7
0 124 64
162 28 25
78 165 49
151 158 75
32 70 15
18 133 16
116 156 91
176 149 73
148 177 19
193 101 49
145 112 11
110 7 3
130 75 95
56 114 9
157 61 73
114 5 99
3 62 50
176 142 88
97 42 80
108 121 10
79 53 23
70 39 64
123 182 48
95 165 86
167 130 56
47 104 41
197 142 60
126 132 83
69 191 82
145 95 55
147 136 87
68 52 95
10 32 5
10 178 57
6 172 9
52 78 8
29 50 79
45 81 39
20 133 81
105 54 64
43 158 91
104 156 6
37 190 25
79 169 26
15 181 40
182 194 8
180 53 44
43 9 4
151 181 17
97 183 64
35 149 49
180 9 21
122 45 51
142 186 77
1 141 56
117 47 26
100 132 5
73 20 58
162 140 32
144 198 77
123 151 21
123 17 90
76 163 99
11 64 90
196 164 57
33 1 75
179 119 29
57 197 24
90 25 75
10 122 70
68 177 17
148 52 35
45 2 49
116 123 1
126 172 41
170 44 80
184 27 8
144 190 72
23 86 31
60 115 10
15 78 13
6 52 66
58 80 49
60 63 54
197 133 77
177 0 98
9 147 11
116 16 83
91 190 75
184 87 32
161 125 54
171 90 28
59 61 17
73 103 42
158 126 18
15 105 69
31 83 37
98 7 95
86 139 35
167 95 2
137 149 1
195 67 13
150 12 39
22 51 92
139 166 40
103 0 55
14 78 27
199 6 75
87 134 50
153 158 1
21 44 68
173 147 85
107 152 80
40 178 70
181 81 26
101 134 92
6 6 22
124 176 96
135 80 60
73 9 61
99 83 100
174 104 7
150 66 13
188 139 39
112 175 96
50 140 17
172 165 94
83 107 61
144 73 39
163 124 28
5 123 35
44 85 15
163 57 13
179 135 38
7 152 57
46 23 24
69 157 66
194 33 48
35 27 87
158 168 3
121 117 75
22 155 2
34 174 46
16 73 52
191 59 68
111 20 96
31 60 54
163 52 66
126 185 19
131 131 5
195 85 17
80 27 54
168 109 100
105 67 65
73 117 27
140 194 37
67 129 31
196 82 39
119 110 95
110 3 32
103 8 72
27 0 32
46 35 96
20 76 63
78 95 30
44 193 22
166 133 24
55 194 63
132 22 4
146 154 53
190 199 33
185 163 19
48 20 26
3 176 82
152 57 41
7 7 28
12 110 22
144 170 17
143 194 59
74 71 72
60 98 74
123 41 51
43 199 92
52 175 4
116 32 5
159 95 14
159 38 61
106 85 44
109 171 21
2 121 49
78 110 61
194 35 36
188 146 65
53 14 84
60 41 54
19 83 36
68 78 7
179 168 7
184 137 69
101 122 20
56 194 58
128 112 82
87 93 46
54 116 84
172 115 52
166 27 12
108 64 9
30 142 36
78 104 38
55 162 67
169 162 99
84 46 40
197 141 96
107 181 67
79 33 41
80 59 10
59 156 27
90 181 55
154 183 17
80 0 68
107 88 74
132 164 88
38 142 86
0 151 18
184 125 94
147 45 32
11 178 50
166 118 78
110 10 55
151 142 61
151 13 92
125 106 48
96 97 5
116 34 23
11 78 73
53 91 25
39 84 100
196 133 61
182 182 94
99 84 83
193 176 53
15 107 4
37 175 98
107 73 95
104 138 9
194 39 100
105 116 68
157 155 7
176 123 6
99 124 93
194 120 64
43 20 60
187 56 62
161 46 39
3 14 100
138 0 63
90 18 10
175 145 74
82 199 57
87 165 87
114 114 86
57 119 65
140 101 16
101 50 22
199 25 10
119 162 2
75 131 65
107 36 73
141 111 86
88 146 13
155 142 85
43 57 49
25 60 52
5 25 99
18 5 11
109 16 92
34 32 62
124 127 60
175 174 7
63 160 71
90 99 80
190 98 99
85 88 20
81 111 74
3 158 57
38 74 36
79 101 27
107 153 52
29 21 50
46 87 27
10 27 88
28 166 92
182 151 44
104 172 64
156 178 79
103 77 80
151 64 41
179 98 94
184 65 17
40 132 18
88 196 59
89 102 41
64 88 31
194 82 100
113 7 72
143 79 68
10 23 30
48 184 71
70 3 30
157 90 7
40 60 100
104 152 93
137 157 34
192 76 7
47 136 2
174 43 26
15 193 66
196 114 4
145 62 60
78 73 68
103 133 62
44 113 93
107 171 42
68 61 86
167 64 71
151 74 82
122 51 46
47 167 34
61 119 89
196 118 73
96 109 7
176 26 95
189 5 6
84 176 64
84 29 46
149 127 40
199 108 19
123 79 94
73 8 37
73 153 31
157 176 48
86 84 18
82 131 71
134 192 68
101 57 26
12 116 24
121 105 49
64 178 11
70 141 91
32 173 58
120 90 79
147 152 67
89 84 66
178 193 79
188 176 100
90 45 53
158 166 17
196 73 11
156 2 6
36 41 28
120 45 14
34 195 48
140 44 14
1 25 93
185 89 66
135 181 72
179 96 40
10 89 54
198 17 10
65 122 44
46 40 86
58 99 11
107 82 76
194 41 99
7 150 73
31 44 30
37 6 6
15 133 76
23 108 55
4 139 19
54 129 90
140 166 52
76 148 7
75 173 75
196 53 16
187 96 93
25 61 81
87 77 32
8 196 75
193 62 19
59 3 81
32 75 96
82 193 88
196 151 66
172 0 91
120 183 17
62 47 79
5 21 17
94 145 38
75 148 47
44 10 17
37 125 71
171 190 97
154 76 82
189 67 48
1 123 28
190 178 49
159 151 94
97 153 67
96 76 28
128 129 55
191 66 89
69 193 88
145 19 84
41 96 52
12 47 59
145 79 86
90 2 96
112 108 51
147 90 96
93 28 73
24 158 14
123 52 53
62 39 8
67 66 70
138 186 34
11 119 30
6 92 48
96 148 82
62 75 76
196 10 14
40 124 77
191 124 59
115 116 75
187 169 28
63 169 18
121 69 21
149 54 29
124 147 62
160 163 29
129 135 22
160 158 76
45 177 25
163 95 94
90 88 48
194 188 87
113 15 93
193 65 6
115 9 81
187 87 51
92 22 88
61 38 68
5 147 12
106 196 6
88 22 29
20 95 31
7 165 54
19 33 19
170 104 96
5 73 75
188 1 63
76 125 65
26 143 39
145 61 79
10 67 81
93 65 89
183 155 30
31 80 4
178 14 92
175 49 52
179 12 85
156 140 42
80 65 78
48 143 17
126 177 30
92 93 24
107 12 65
105 30 93
165 198 8
37 165 98
123 85 4
78 116 67
189 10 60
187 123 74
60 1 24
54 145 48
95 72 56
4 137 78
91 79 13
69 178 88
67 95 33
86 50 83
106 116 17
92 176 24
106 43 16
112 53 69
147 11 65
161 166 58
93 187 89
130 149 53
37 15 56
3 50 15
29 175 56
139 8 65
94 58 71
175 41 86
121 96 42
78 186 35
163 92 72
19 26 99
7 86 65
73 110 72
46 111 9
155 168 65
46 114 94
85 83 38
139 88 50
80 41 19
31 120 95
188 82 78
140 119 83
9 165 26
187 163 7
95 117 35
174 124 51
46 9 87
167 44 48
74 82 45
43 153 53
140 92 38
27 72 9
161 54 34
191 167 18
142 46 56
92 137 67
54 3 25
37 50 93
118 19 65
95 22 68
115 42 76
191 132 82
166 63 43
82 17 94
106 29 75
129 191 27
60 69 19
137 150 93
11 41 66
199 156 72
177 161 66
84 148 100
64 101 77
149 111 43
140 98 71
91 159 28
170 7 79
114 131 29
52 189 79
172 92 67
169 41 33
9 148 37
54 160 63
150 53 33
80 133 78
43 144 21
43 173 53
133 140 26
115 197 52
127 105 33
3 148 23
168 57 77
53 29 65
144 114 82
161 138 28
98 181 73
48 173 81
23 119 50
37 70 7
134 57 22
149 144 7
10 72 57
147 27 4
162 29 7
114 186 28
44 102 26
139 46 54
82 92 79
13 142 80
110 166 45
12 38 45
96 99 99
197 128 7
109 117 56
147 55 71
111 88 6
171 98 12
132 167 96
187 147 89
125 16 64
46 175 26
145 83 16
129 127 7
63 89 61
85 129 82
68 191 47
84 112 46
108 116 93
137 154 38
103 118 81
21 77 55
69 64 48
57 24 20
44 115 38
78 128 100
156 45 23
118 119 20
70 124 42
63 156 53
157 143 95
37 19 60
185 28 85
32 121 11
53 31 52
80 18 83
58 8 84
39 177 25
125 193 97
126 75 38
180 92 6
178 55 91
144 140 87
94 53 65
37 54 75
78 145 26
122 28 91
195 134 6
189 104 65
96 68 100
115 86 98
73 174 83
58 34 3
84 93 14
41 58 43
154 193 62
143 39 14
106 109 35
2 147 32
110 187 2
112 168 71
137 0 41
138 195 77
98 178 51
187 59 18
71 26 42
198 96 82
26 57 56
37 4 92
177 52 95
14 153 54
183 144 52
88 145 24
43 79 63
57 48 16
168 26 99
175 48 26
180 90 89
133 160 55
48 92 56
47 100 36
155 104 93
66 94 70
60 67 54
122 162 27
23 103 50
38 177 9
15 147 90
81 118 12
33 83 43
154 129 85
25 163 42
61 32 44
155 122 29
42 27 3
168 60 29
144 184 32
143 1 71
115 189 20
96 137 38
82 10 51
69 74 89
168 78 80
79 118 88
48 47 74
196 38 50
195 2 49
128 65 99
152 1 37
65 114 75
89 44 65
50 188 95
151 55 17
16 134 63
64 58 53
52 135 14
73 105 10
13 140 73
129 162 70
83 45 98
91 144 45
97 35 92
40 140 57
171 119 97
37 120 43
11 80 61
66 65 71
109 128 85
102 42 79
175 82 42
84 66 50
145 24 31
119 194 17
131 59 69
89 163 3
20 81 2
56 168 89
13 28 100
37 91 64
191 0 10
82 192 37
147 117 26
140 57 34
105 27 47
182 146 86
111 124 67
95 114 47
74 139 12
124 59 29
25 35 62
14 97 72
82 48 100
0 134 46
75 170 13
44 104 57
32 149 2
178 82 55
138 149 88
141 125 84
72 2 82
149 66 22
192 106 72
113 22 50
5 195 66
184 21 17
161 56 72
18 129 73
176 48 84
165 43 9
197 22 84
96 9 68
142 27 7
102 181 72
160 41 39
106 18 85
132 42 85
130 166 93
31 24 83
7 38 93
92 35 33
14 7 65
113 198 35
146 97 20
155 94 45
144 39 83
81 152 67
11 36 95
50 94 29
194 125 56
141 8 28
123 183 45
89 45 8
160 122 22
36 194 89
51 154 21
66 129 8
170 147 81
171 20 11
190 122 8
118 136 89
186 193 17
188 142 73
15 18 41
2 131 1
54 20 67
99 62 77
29 36 83
138 85 70
158 141 98
148 6 32
175 139 90
155 47 76
104 54 74
37 102 75
190 19 92
108 77 74
111 102 34
55 73 5
84 146 100
165 113 98
159 141 96
63 9 61
189 99 62
56 197 64
129 112 59
136 191 40
101 77 36
39 20 51
138 82 100
60 160 82
153 3 17
14 54 20
136 149 18
15 183 53
107 43 8
119 0 25
51 40 21
81 97 75
174 199 69
143 76 6
185 53 3
29 184 73
177 145 79
195 100 28
32 37 16
46 196 12
48 99 27
50 138 23
105 66 43
187 17 91
46 154 23
47 77 37
140 167 16
105 69 53
22 152 3
156 129 7
146 64 28
199 198 33
32 9 19
80 93 74
142 24 67
39 147 91
197 49 51
28 28 6
142 57 62
12 41 33
42 11 66
53 107 12
14 67 16
151 155 33
149 129 11
72 130 51
110 31 60
104 197 53
130 174 79
61 7 41
83 57 45
91 46 12
23 116 10
4 13 60
15 35 38
153 40 68
86 118 7
64 180 53
30 47 69
46 38 77
132 144 43
107 113 97
40 131 49
19 161 53
28 54 97
120 138 18
162 70 29
131 65 34
122 78 87
151 37 56
56 67 12
189 100 52
14 147 26
108 91 34
45 197 17
7 32 99
144 99 68
63 139 34
79 154 26
1 75 43
63 45 59
161 109 50
22 198 27
5 83 37
173 184 86
111 52 7
51 37 44
198 64 35
155 176 9
97 55 29
6 19 71
173 16 64
164 40 5
9 185 3
30 67 40
129 169 33
158 74 4
8 119 99
30 92 33
65 57 57
77 189 34
24 70 31
171 69 9
166 68 51
165 146 53
68 2 41
31 115 42
6 187 49
198 185 22
159 147 32
73 1 56
163 38 57
46 92 3
85 184 76
6 45 74
133 61 27
69 45 9
93 63 74
154 197 13
95 32 97
24 176 53
95 119 23
97 78 13
93 51 17
85 151 55
134 38 79
28 186 27
21 166 87
43 62 88
105 131 53
113 160 26
103 114 12
53 38 53
196 145 30
137 27 2
15 126 3
25 109 73
94 69 85
45 148 80
92 171 82
12 69 24
113 185 15
100 128 24
46 1 67
69 14 80
109 46 70
64 166 16
139 97 27
33 26 16
140 159 24
45 35 70
2 77 89
49 150 31
87 92 86
187 153 21
152 59 8
169 182 53
68 154 60
159 113 84
3 85 53
157 29 70
116 38 51
30 9 62
10 40 87
24 196 86
89 20 90
105 33 77
177 166 57
57 177 32
161 66 46
65 189 99
58 122 100
143 77 26
130 65 82
92 98 32
59 176 100
104 31 48
117 118 10
141 62 97
68 187 73
132 81 23
19 80 40
150 148 89
76 98 38
82 115 44
69 97 58
37 183 27
165 183 20
10 1 13
192 131 46
15 60 84
147 131 14
88 154 12
191 14 77
32 174 47
58 167 46
54 52 54
131 181 45
41 124 1
88 29 27
193 20 85
26 163 54
89 136 7
90 28 2
90 0 33
121 191 78
192 113 11
109 184 35
131 43 86
12 74 36
191 131 46
174 92 57
166 24 97
176 177 71
21 160 21
41 112 41
150 31 24
124 195 68
47 14 95
9 60 18
80 131 60
198 99 83
199 113 99
119 18 9
172 17 58
181 103 5
84 127 86
61 195 45
48 27 5
111 186 36
195 188 94
93 120 51
154 54 80
184 93 77
192 112 66
192 10 19
176 147 73
128 58 10
46 110 25
154 140 4
57 127 73
120 81 60
9 154 19
81 139 49
105 148 14
111 136 33
174 98 10
134 174 40
197 162 1
5 87 95
32 46 55
96 81 58
191 15 13
8 0 71
158 114 23
37 137 73
161 99 67
70 144 90
62 74 36
77 190 10
27 167 91
150 47 92
93 123 46
48 172 50
31 134 46
167 2 95
192 126 61
177 195 37
199 18 76
54 159 46
28 192 61
132 192 58
66 22 45
26 116 48
124 89 2
33 0 29
116 33 77
133 110 93
146 116 30
63 65 10
106 93 10
184 55 8
90 161 74
87 65 55
78 101 94
121 49 11
39 106 94
67 176 74
92 13 95
134 33 37
21 65 64
133 102 13
48 153 73
163 2 45
4 66 71
8 144 97
29 138 13
57 155 84
36 126 77
57 85 41
107 140 45
134 186 58
38 96 39
7 149 90
183 25 67
188 160 55
6 118 43
94 189 3
66 143 14
75 31 42
89 37 82
186 125 40
8 161 60
173 96 46
163 78 97
103 170 34
14 186 55
148 112 40
167 170 36
72 171 6
102 147 63
107 22 58
81 197 78
68 132 31
161 157 2
166 51 32
25 152 41
70 64 8
15 4 34
135 163 70
97 82 53
164 62 54
36 195 41
158 49 58
147 78 10
103 6 48
25 106 78
141 194 81
169 42 27
16 66 60
4 51 28
59 81 4
125 64 33
111 104 32
59 85 90
32 40 57
88 161 76
27 62 42
2 98 18
17 49 52
193 32 1
167 56 1
134 55 7
121 170 8
155 33 52
119 56 63
41 61 31
81 192 72
62 126 71
144 4 10
192 136 44
95 23 35
176 12 91
101 195 65
81 137 88
48 33 18
65 108 55
194 80 69
180 182 84
65 65 52
143 111 77
197 161 72
63 116 44
73 157 18
27 21 42
23 175 26
154 10 87
121 143 100
44 27 64
55 107 25
170 135 6
85 68 11
168 64 9
36 106 47
141 106 28
111 57 73
38 187 46
198 80 54
142 6 80
92 39 7
179 164 83
144 181 10
150 187 98
197 53 7
12 167 11
90 125 91
70 26 71
50 58 71
65 112 86
84 192 43
26 180 13
142 50 75
193 93 67
122 92 96
116 22 91
140 19 55
151 179 40
107 35 13
154 124 6
133 25 9
55 113 23
44 20 26
44 6 88
137 75 88
11 67 4
8 124 87
126 119 41
15 86 59
101 131 63
6 113 97
12 92 94
134 121 93
190 66 5
150 40 1
32 186 79
183 152 56
172 70 68
150 131 8
51 126 9
55 36 49
198 126 2
22 65 22
144 151 34
135 33 13
56 80 97
1 132 15
129 183 7
71 173 68
187 86 23
81 86 91
161 64 63
148 10 34
44 105 35
99 122 31
99 61 54
150 67 72
122 184 61
82 19 33
5 185 68
53 147 48
23 58 94
103 185 66
107 26 19
146 153 54
182 79 72
121 48 51
44 22 29
66 85 99
196 19 22
164 147 48
118 113 7
168 154 26
178 123 64
28 110 36
135 18 26
105 161 71
85 36 85
58 176 60
67 111 14
90 58 69
161 150 82
39 34 83
89 51 51
193 45 11
9 166 53
74 55 49
96 78 46
69 26 84
120 184 21
197 35 88
169 170 10
120 146 35
146 142 59
122 29 88
135 63 28
68 79 49
92 170 43
105 92 36
186 104 92
169 176 18
82 68 12
84 103 17
155 71 71
137 174 94
39 14 46
7 31 16
137 148 31
183 47 78
71 101 96
83 121 62
84 45 15
101 194 8
82 116 77
89 38 52
190 169 32
6 46 61
115 72 58
189 86 58
15 11 45
90 57 9
23 65 70
159 34 34
55 124 92
60 186 93
113 92 61
96 19 95
6 55 3
162 24 85
187 168 37
125 22 8
19 57 76
46 45 20
157 134 18
22 42 28
71 116 52
84 73 49
181 128 86
41 195 3
174 149 39
46 159 29
76 53 26
121 40 26
10 144 74
141 176 1
88 40 30
105 53 43
195 54 41
55 166 48
173 56 3
197 19 4
35 57 38
5 191 42
62 120 93
120 5 9
169 3 55
49 64 59
130 142 26
120 66 87
114 87 7
116 141 30
64 0 80
156 41 8
195 169 95
58 164 66
136 195 11
104 118 94
152 14 42
140 160 69
166 85 34
8 155 85
51 105 46
32 104 82
126 173 74
93 170 52
62 184 38
196 160 10
61 121 99
133 190 100
47 44 31
46 60 68
121 51 83
72 185 8
161 155 33
196 50 63
42 105 93
128 55 68
111 140 92
162 166 3
79 88 80
58 13 92
112 181 34
194 28 6
79 178 73
44 70 85
178 17 64
22 26 22
89 181 14
35 147 75
127 181 6
85 93 31
74 136 50
165 174 100
136 108 25
34 199 59
175 11 78
77 123 38
194 129 31
65 17 18
100 177 56
77 165 9
71 190 74
149 11 33
26 102 22
124 45 25
158 60 38
104 75 93
153 93 48
193 22 56
196 197 79
113 91 74
32 189 31
89 17 85
48 21 67
159 41 10
164 148 2
40 125 35
115 7 15
136 23 55
38 50 51
41 125 11
67 121 72
89 36 17
48 126 25
183 89 6
29 191 79
91 32 24
94 86 50
46 81 47
60 60 68
85 38 69
177 11 70
152 13 9
13 25 88
19 43 50
196 89 79
87 119 31
63 97 62
121 101 23
156 117 82
23 90 45
63 66 94
56 124 8
111 116 4
191 8 29
155 149 72
45 104 34
75 8 43
75 72 74
114 118 76
193 126 24
22 34 8
178 120 55
106 160 84
2 133 56
113 47 64
189 160 76
98 193 76
111 178 78
146 35 50
191 16 20
54 44 28
110 22 36
169 78 100
35 60 44
144 98 73
35 73 49
8 133 49
137 61 16
85 72 95
122 146 34
164 143 22
109 52 6
149 93 9
176 183 16
70 10 84
102 27 17
181 18 45
134 20 21
49 34 60
108 72 11
18 174 12
163 180 6
164 8 14
57 154 74
186 127 64
17 112 91
32 162 35
93 57 64
32 171 92
142 83 34
82 122 84
76 146 27
154 49 88
21 106 6
24 114 46
166 170 15
20 45 16
118 14 57
26 17 28
113 121 53
169 107 31
6 129 52
106 121 5
137 124 98
92 132 43
32 105 90
4 189 24
99 101 97
178 73 94
170 132 54
38 110 74
93 101 48
9 181 57
76 112 57
189 55 51
21 22 22
71 175 95
120 157 48
147 97 81
193 16 19
7 20 24
122 143 73
86 127 31
18 188 12
47 132 17
151 40 67
30 146 91
62 36 59
111 44 8
56 42 20
173 118 46
184 54 54
49 136 36
150 20 70
39 55 4
171 87 43
171 81 21
88 72 69
186 62 82
133 159 11
41 62 67
141 44 69
94 95 7
32 57 53
80 114 38
60 124 29
170 46 10
136 68 52
44 196 75
55 45 22
151 89 55
169 175 15
141 193 49
140 115 33
88 23 33
1 87 81
24 73 100
5 61 31
5 37 93
117 103 42
170 189 94
128 45 86
129 64 27
2 197 52
62 29 38
1 154 36
128 41 37
123 88 92
159 26 80
132 140 36
158 70 26
178 75 95
171 99 31
76 140 78
182 158 98
119 157 21
75 166 49
55 175 54
20 138 59
127 115 61
100 81 9
115 191 37
121 182 90
13 161 31
54 133 26
144 152 23
171 195 21
137 94 61
1 41 62
22 4 79
105 181 8
18 53 10
5 85 59
93 59 12
27 149 4
21 161 95
93 102 74
153 63 56
164 135 20
109 31 69
115 103 56
57 59 65
80 187 21
184 196 45
50 27 19
32 147 78
85 78 31
122 177 65
3 48 15
28 33 94
31 38 57
127 56 7
112 111 1
5 17 60
111 3 57
138 81 42
180 31 93
91 179 61
199 184 37
140 30 61
122 126 90
82 144 46
149 15 36
11 125 57
20 72 3
29 42 89
51 180 87
154 91 40
194 196 85
2 38 24
11 181 35
27 17 27
131 167 27
46 68 53
123 185 72
60 143 62
74 167 73
130 39 16
166 197 77
3 196 45
18 46 60
9 1 82
168 88 54
53 146 77
88 44 32
133 143 14
102 7 39
89 133 36
180 118 50
126 21 58
2 25 23
22 31 20
180 140 64
136 171 32
125 39 8
118 101 15
113 90 44
58 10 3
57 165 99
117 171 58
6 160 33
95 166 56
10 83 93
38 87 28
193 53 20
78 190 91
27 47 20
80 64 72
161 107 42
51 177 25
21 90 35
60 89 63
101 144 34
68 48 18
178 13 43
90 119 73
104 165 88
20 151 47
125 136 37
24 119 96
50 149 53
190 148 38
1 43 67
163 66 64
197 43 84
149 85 18
102 80 27
146 56 2
41 109 56
45 21 64
100 160 37
72 190 22
168 156 69
80 175 97
188 43 83
41 27 52
60 33 95
152 114 73
95 127 22
97 100 59
26 20 22
177 114 79
158 173 45
106 13 85
136 132 3
106 34 30
45 134 67
86 134 79
123 45 23
22 136 14
33 131 9
166 30 55
152 115 39
172 105 39
174 11 46
73 98 44
175 183 46
3 76 95
199 66 59
14 19 84
64 37 7
120 139 95
110 77 56
138 75 48
129 174 90
30 38 89
130 185 33
155 93 76
102 73 39
91 192 45
77 180 49
103 96 67
39 10 2
69 179 79
198 55 96
76 111 59
10 63 14
166 26 86
67 76 69
190 104 53
155 143 59
129 190 4
78 2 25
1 4 68
158 174 94
154 123 56
16 174 89
196 93 63
97 114 18
127 171 27
147 17 71
59 18 54
67 122 76
176 16 95
109 182 96
25 130 13
106 110 50
199 27 55
52 57 48
168 12 2
22 178 89
151 112 82
75 63 93
51 127 68
103 141 88
108 60 16
72 6 67
126 93 40
144 30 34
18 128 96
118 162 72
53 86 46
86 194 50
28 45 13
5 53 46
169 34 8
3 182 3
178 189 80
163 117 97
114 113 18
119 99 85
50 148 84
147 188 87
154 80 53
175 87 81
103 78 17
161 181 15
11 69 84
131 177 23
0 163 19
53 23 38
35 80 17
6 159 48
43 170 38
68 86 15
116 154 42
56 166 54
41 93 25
24 115 32
143 114 22
162 127 7
121 133 1
7 146 45
148 135 98
176 179 42
166 25 16
127 34 17
52 188 23
25 170 4
12 196 100
11 37 91
0 111 29
167 165 95
60 84 86
30 79 29
14 86 18
1 181 47
146 55 51
77 10 10
187 64 16
157 95 7
158 88 84
139 67 83
69 72 12
156 130 58
82 182 85
7 55 23
41 113 38
46 194 14
36 134 90
76 58 30
74 194 54
36 115 28
23 194 10
140 143 17
175 78 77
60 129 62
119 108 51
178 122 25
154 50 89
167 163 7
170 22 70
171 134 87
93 98 53
192 4 79
104 53 19
179 157 8
131 109 14
150 186 67
102 2 50
105 191 66
54 39 57
125 158 19
180 117 76
80 34 90
88 42 72
137 84 94
158 106 59
156 142 93
179 8 29
178 97 76
136 109 42
13 166 69
173 58 85
149 163 87
122 103 86
120 67 75
11 62 36
26 66 18
135 143 69
140 152 72
143 86 49
170 62 79
21 173 64
73 115 13
58 62 50
21 146 94
55 185 36
79 45 77
84 95 86
42 104 6
78 16 17
171 179 50
77 137 11
44 151 59
106 164 52
133 141 11
48 185 55
72 147 53
11 54 99
144 66 81
13 77 62
195 50 28
61 103 42
171 198 20
128 95 2
190 41 96
156 151 31
139 174 14
153 77 94
198 65 12
186 20 79
191 162 68
13 187 55
165 106 28
35 199 27
138 156 48
126 150 78
84 157 14
114 125 7
59 138 44
138 167 23
96 36 74
106 184 91
55 191 68
177 193 27
152 66 72
42 112 64
45 130 44
4 111 48
56 76 55
162 74 32
81 172 84
128 156 56
197 10 29
167 174 60
130 141 92
87 126 77
41 144 88
143 56 53
53 169 62
179 169 86
29 180 92
167 82 43
34 102 96
145 133 50
167 5 40
184 149 12
112 27 30
30 112 30
139 151 86
103 20 64
152 110 8
160 112 78
31 92 27
72 151 4
89 93 6
78 194 36
123 39 34
10 129 77
131 49 31
91 86 42
7 33 40
55 171 1
56 192 44
113 101 80
135 69 27
171 120 49
148 117 23
97 123 46
198 79 88
82 129 80
181 174 19
47 198 24
168 122 10
59 50 18
171 151 6
52 98 82
134 196 59
101 115 61
130 50 14
178 172 18
199 22 89
179 105 26
156 89 28
100 107 5
116 142 33
110 160 12
131 118 88
104 125 62
77 152 63
38 137 77
127 54 92
143 92 7
118 10 31
58 141 6
171 93 43
141 40 90
99 158 89
43 95 98
49 116 87
187 199 64
70 190 32
40 82 73
21 64 12
12 184 98
100 26 54
25 25 24
72 174 29
49 111 27
89 134 99
185 26 19
165 144 90
191 90 46
46 61 25
40 71 40
197 70 22
55 196 22
127 132 66
167 168 59
49 2 7
72 199 3
105 192 74
111 177 18
57 195 65
22 87 63
80 89 19
85 113 69
29 117 61
109 39 56
96 161 72
8 37 72
51 139 79
142 115 71
176 120 8
162 80 18
92 136 4
42 147 46
168 11 17
155 156 90
94 115 3
24 58 7
41 154 62
196 109 60
59 101 9
126 189 22
130 119 67
167 25 31
160 29 6
172 64 20
70 28 61
125 57 63
47 22 33
37 157 29
118 188 55
175 137 15
172 149 82
179 82 93
6 124 47
134 146 13
27 39 25
57 199 23
24 171 8
149 121 19
54 23 100
35 172 73
33 96 18
33 12 44
116 69 10
10 12 48
155 74 65
183 60 70
46 150 50
156 98 50
151 153 17
46 190 17
8 46 53
20 35 11
51 55 14
185 24 44
155 112 69
1 191 2
126 86 27
29 170 39
143 62 23
179 36 74
138 70 20
84 30 59
16 28 50
34 175 79
71 183 46
22 188 84
116 94 51
101 0 81
173 181 88
151 5 75
14 138 96
140 65 91
4 190 86
136 69 61
131 158 28
42 50 59
170 8 33
153 115 61
159 139 7
61 194 43
193 50 17
171 133 61
167 21 25
186 54 41
134 107 4
121 174 4
164 150 26
12 144 44
9 56 85
120 126 92
146 90 50
155 23 22
120 134 59
104 15 37
41 121 19
153 179 87
105 180 96
152 196 99
79 64 87
54 68 80
70 137 59
30 51 92
166 193 82
71 124 11
116 74 21
118 21 85
73 62 72
113 139 100
25 3 17
138 52 31
146 1 50
7 39 24
9 95 33
175 111 97
62 190 9
64 47 23
150 118 5
155 131 68
116 199 30
3 98 74
103 75 97
187 35 1
161 162 28
156 5 64
69 75 97
12 53 7
3 198 70
55 132 92
93 82 58
66 135 4
99 71 34
73 63 69
113 82 41
61 127 63
191 88 47
63 35 29
158 111 99
51 165 39
1 29 6
155 36 100
192 74 44
51 35 7
133 63 34
95 36 4
174 190 77
148 12 29
161 85 75
107 61 46
160 39 25
189 62 91
6 50 83
183 31 11
21 51 66
197 68 96
101 102 56
165 116 82
9 175 76
74 25 66
125 19 61
13 36 93
137 158 61
180 3 37
135 147 21
57 55 41
78 63 20
72 156 34
52 95 88
159 175 36
16 39 34
101 96 8
162 59 52
188 191 88
81 109 83
6 162 54
10 168 62
83 21 56
109 27 21
149 191 20
189 37 84
106 159 45
29 154 23
171 36 40
53 168 64
139 41 49
172 26 92
27 2 39
115 67 97
141 89 9
171 75 29
8 47 55
143 45 41
168 84 69
136 14 10
35 54 8
159 161 90
134 163 10
98 107 14
33 118 43
192 100 94
67 175 62
187 57 91
128 96 55
28 126 74
47 71 61
29 121 100
60 154 11
158 139 21
32 144 25
162 82 69
15 158 78
56 108 45
64 29 44
177 94 91
62 78 63
10 81 70
182 22 27
51 46 85
61 166 35
177 18 85
33 27 26
170 23 72
178 31 42
128 103 25
148 126 62
75 4 58
199 41 62
131 74 31
27 148 70
70 95 97
97 71 50
129 84 94
42 148 91
182 37 66
57 68 3
174 161 84
0 72 2
186 163 69
163 72 45
7 123 51
192 118 28
25 59 18
192 123 67
179 73 5
13 11 40
52 15 52
169 75 77
14 149 91
69 8 10
119 60 38
138 124 93
185 85 51
6 185 78
167 80 94
106 37 3
114 63 56
41 120 48
108 55 91
33 140 61
61 132 51
100 18 42
40 64 82
45 103 4
9 172 48
100 174 29
122 5 81
82 20 18
23 124 73
38 195 29
198 88 96
138 121 33
147 47 2
152 189 14
115 173 17
50 90 74
148 49 20
76 48 19
134 155 86
158 73 54
22 169 82
151 10 39
80 98 90
150 36 75
24 62 42
72 167 91
28 134 7
54 54 10
110 102 88
38 164 61
104 6 24
16 42 5
58 93 10
24 44 21
75 167 52
35 1 52
66 121 33
112 32 92
179 14 65
44 123 10
52 38 78
3 81 42
76 72 73
55 149 86
16 38 79
66 38 98
2 87 25
109 170 34
126 182 38
14 102 62
7 111 12
60 78 56
18 66 20
100 176 72
69 192 53
115 176 92
32 53 5
153 133 73
192 94 91
107 186 76
110 63 56
81 64 98
176 98 45
183 190 47
5 58 2
65 52 58
180 162 93
60 103 47
198 159 11
73 67 54
82 23 57
59 166 92
148 127 77
162 73 47
54 164 93
160 150 27
191 20 78
15 102 47
144 125 55
174 36 67
109 78 47
90 152 74
86 131 78
31 49 100
175 155 92
36 8 11
128 168 75
118 59 90
34 21 73
194 111 55
152 65 32
194 32 63
28 145 10
66 197 24
81 164 3
24 102 50
10 42 18
38 147 73
148 25 23
103 195 21
36 152 81
128 170 36
156 198 38
34 192 61
166 91 5
146 129 75
176 154 92
199 67 88
150 58 67
11 188 32
108 141 5
103 57 59
190 61 82
110 83 48
118 94 73
64 50 15
17 85 53
33 123 41
189 0 59
41 150 46
84 108 29
47 50 12
77 78 37
82 102 10
157 24 96
84 180 68
71 53 37
45 149 96
10 188 25
36 34 30
84 2 3
122 63 14
84 53 63
98 113 22
57 16 31
82 70 46
127 44 40
166 171 60
178 167 86
19 2 95
133 198 25
110 21 29
158 89 90
141 195 28
17 129 77
67 177 40
42 40 51
73 87 27
60 164 9
107 9 40
30 49 42
167 116 54
3 193 38
41 182 56
35 56 56
120 143 30
37 49 3
166 146 63
133 88 43
27 87 88
157 40 85
54 66 18
31 70 75
35 32 83
15 1 40
199 44 1
97 163 41
29 148 95
12 18 36
75 139 13
72 127 5
77 171 6
174 19 62
144 2 79
121 172 48
106 33 9
178 44 20
166 119 97
7 163 31
110 37 62
118 84 3
58 168 16
4 60 5
37 45 57
157 190 65
174 50 93
154 195 31
127 81 23
169 36 47
12 193 96
167 87 56
141 17 85
81 150 8
160 25 96
36 75 96
104 82 70
29 151 44
18 49 61
49 145 28
88 181 46
161 163 33
138 127 26
142 136 43
103 199 19
179 62 22
1 150 34
198 143 49
153 137 26
77 60 66
44 18 37
13 155 76
60 198 60
119 129 95
161 127 8
132 82 43
179 172 20
184 44 48
5 129 78
134 175 10
140 142 55
173 41 12
170 56 80
164 101 23
179 60 46
59 160 58
45 8 63
198 21 49
175 63 14
32 138 100
93 191 69
148 120 81
22 19 47
130 54 35
126 164 77
8 56 19
9 72 73
157 110 21
165 14 4
186 46 24
44 36 30
17 51 60
175 170 62
132 59 2
65 42 71
19 170 51
67 75 62
164 176 59
182 13 34
180 132 35
115 147 50
61 26 13
0 46 20
89 81 82
197 106 70
193 170 43
3 46 4
6 179 65
29 110 3
13 74 45
184 102 73
30 55 18
138 3 38
73 30 27
190 108 73
87 64 45
135 84 10
59 195 89
139 119 71
50 169 7
5 121 98
72 159 14
93 156 5
167 84 65
136 121 86
119 188 94
59 88 7
190 145 67
83 96 83
12 114 91
109 65 64
188 114 19
150 51 77
122 187 49
125 34 8
35 171 16
50 153 16
55 67 53
65 176 50
196 51 58
129 96 74
6 0 22
40 167 2
185 195 10
75 18 56
16 33 11
33 179 59
28 11 53
107 183 62
88 153 55
53 36 60
155 68 54
86 167 61
198 136 61
24 99 90
181 195 20
13 69 27
70 41 84
106 58 27
174 48 39
96 110 27
114 86 84
160 96 11
133 175 89
160 33 70
6 77 1
131 162 14
0 127 20
74 10 39
93 186 12
68 198 71
55 24 28
97 135 51
177 56 58
2 2 42
182 106 57
52 56 13
55 118 81
52 142 26
132 35 43
25 184 18
125 138 81
50 177 84
158 47 84
73 193 34
129 197 68
51 108 29
166 100 57
10 38 38
98 35 1
57 130 17
1 57 99
67 181 53
190 33 96
184 195 83
84 164 96
109 151 93
111 151 77
176 45 13
36 172 87
6 14 26
58 161 72
191 108 18
119 109 77
149 141 86
59 55 27
7 18 41
74 154 13
61 11 23
2 137 68
199 10 62
55 112 100
73 146 77
47 184 46
43 166 26
118 176 44
83 153 28
53 116 49
90 104 16
196 40 76
177 5 2
31 95 94
151 50 3
53 135 39
24 14 46
87 69 97
25 110 18
77 52 16
124 157 24
158 152 95
57 109 87
25 176 77
38 29 70
191 138 57
164 4 75
61 13 21
151 88 71
32 184 30
117 93 89
116 15 40
20 137 98
110 191 48
117 150 18
15 161 39
79 87 47
92 88 2
153 49 9
83 71 20
117 55 47
95 99 75
84 3 10
68 90 59
22 13 19
156 174 59
146 91 73
80 188 11
3 105 97
67 97 96
33 57 23
38 22 83
176 162 88
2 142 10
153 29 72
143 147 59
179 138 6
55 137 80
18 125 5
144 36 78
118 123 28
88 143 58
117 33 77
20 196 70
147 196 41
119 150 37
29 134 13
68 116 59
88 27 57
75 13 33
191 193 40
67 174 52
37 90 47
198 117 45
83 126 33
169 136 24
110 50 60
66 68 13
184 63 68
198 23 72
181 31 25
106 74 18
189 137 79
47 105 90
180 112 29
144 196 80
109 1 71
71 167 67
90 70 20
147 20 100
43 90 81
192 62 2
81 16 13
71 95 30
179 174 38
104 124 87
158 142 36
57 128 87
179 112 7
175 40 95
170 151 18
107 14 52
191 33 66
164 113 15
20 11 70
140 131 8
49 25 22
112 88 67
137 89 47
67 164 71
18 1 38
186 179 44
68 33 67
163 93 88
157 184 25
74 181 29
45 98 3
121 148 74
43 33 42
140 118 55
113 135 55
132 130 13
160 38 4
169 35 46
145 160 97
121 167 96
187 10 57
14 120 67
119 119 35
130 34 40
127 165 89
58 52 34
54 126 15
21 1 72
196 78 49
177 119 6
82 80 14
39 128 78
188 21 90
100 184 7
17 115 22
67 135 15
58 191 50
198 33 15
178 100 98
0 53 68
139 52 94
59 141 73
31 187 3
188 64 12
52 12 64
50 158 40
171 181 81
66 49 31
106 4 28
84 77 80
150 10 34
147 69 27
5 194 4
72 41 58
147 36 35
168 180 73
115 11 61
157 51 90
99 150 78
163 123 6
143 71 6
177 173 46
128 36 81
168 191 54
55 159 62
20 118 92
183 65 42
86 196 32
2 123 93
72 40 40
83 189 50
70 143 6
0 140 49
47 1 76
32 77 54
17 15 23
107 146 53
11 167 84
175 182 41
24 129 48
96 14 8
1 124 81
124 65 96
193 107 87
73 83 33
39 181 75
28 46 76
173 152 87
1 6 59
113 72 25
115 95 79
51 190 23
53 58 74
39 15 4
2 88 9
0 139 48
60 121 16
177 42 9
116 191 90
92 61 97
156 83 27
64 90 73
97 19 35
162 123 71
82 191 8
81 114 99
97 171 14
62 96 13
7 67 45
173 185 85
179 195 70
22 35 30
124 166 14
17 122 73
18 30 57
192 167 5
156 119 3
185 13 49
126 31 2
83 141 87
42 189 34
85 187 4
158 55 44
36 101 52
163 33 66
46 167 17
184 170 91
86 89 32
107 101 58
105 118 9
178 115 78
91 1 56
84 109 82
100 19 9
60 94 82
58 108 61
24 178 15
23 180 24
98 27 81
106 118 26
59 89 86
67 137 43
4 25 64
32 102 51
124 90 18
68 151 37
32 140 25
171 9 3
34 193 26
165 12 13
60 90 7
139 54 6
102 69 11
66 136 20
143 107 66
22 121 13
107 80 78
38 81 58
155 154 17
175 135 25
129 50 86
187 121 68
107 199 11
127 184 26
44 131 3
59 7 12
82 94 25
28 97 60
78 28 48
57 56 21
185 175 6
154 163 57
178 62 56
184 185 44
14 49 4
154 65 39
152 51 17
66 3 5
37 24 30
36 77 45
2 20 87
187 98 18
45 75 28
41 47 55
46 171 61
110 121 95
180 193 13
162 33 66
73 3 75
122 144 61
63 98 60
74 83 16
140 179 3
124 135 95
20 144 73
45 183 38
45 195 52
20 162 7
194 54 55
19 191 32
139 155 80
92 63 71
186 56 22
140 109 84
13 53 50
193 108 20
106 111 99
39 91 94
104 36 76
115 98 59
39 126 61
89 107 54
65 147 28
166 1 87
164 184 77
142 185 78
193 88 78
143 145 39
62 84 61
122 117 13
42 44 14
157 80 12
32 20 49
132 197 15
72 30 93
158 136 19
119 134 18
163 144 36
134 52 5
92 165 70
102 66 12
80 150 82
47 34 1
87 33 81
126 102 27
188 188 90
55 172 39
101 20 78
46 197 72
41 13 44
39 154 44
120 198 87
146 0 91
28 115 88
66 32 11
144 23 73
33 34 13
35 24 24
188 109 65
181 198 40
108 159 77
24 146 32
15 66 44
3 162 4
12 20 42
55 79 29
29 114 80
120 71 76
81 144 81
9 76 67
14 100 39
24 133 26
110 108 63
140 95 31
129 61 74
24 130 3
22 194 88
152 61 33
71 192 71
147 165 91
41 54 31
32 5 12
96 46 10
15 59 14
62 18 38
88 160 55
156 100 34
186 169 95
180 8 50
149 120 47
28 89 29
2 148 8
87 198 32
172 114 73
80 78 92
102 51 87
115 119 90
31 117 24
128 44 78
155 199 71
156 186 70
10 54 10
171 171 97
115 165 75
197 83 70
28 178 3
148 89 95
124 68 71
111 5 8
131 1 28
68 26 3
130 17 14
38 28 87
151 69 81
83 177 20
105 37 23
2 18 80
45 114 24
43 130 28
199 53 37
190 32 25
10 31 51
59 69 81
115 190 65
50 164 67
70 46 74
153 194 41
187 48 62
10 49 17
195 162 83
34 92 36
87 87 78
12 137 14
23 174 100
128 35 97
51 53 99
111 109 82
39 117 10
19 102 23
46 13 14
197 23 52
196 163 71
144 61 59
77 115 15
96 71 79
78 91 86
54 199 29
147 44 42
103 21 70
41 140 21
115 64 99
76 190 22
48 166 58
42 185 14
86 120 92
173 15 60
106 69 84
3 161 84
149 117 93
101 87 9
46 33 87
6 146 48
8 157 42
176 80 17
39 79 65
126 111 45
171 66 66
44 186 91
21 31 2
18 99 9
181 24 35
148 5 6
66 47 64
177 40 64
148 21 2
189 129 52
46 47 99
57 13 91
173 45 69
106 92 20
9 53 89
22 50 32
96 118 31
5 141 65
191 126 88
108 67 13
74 145 56
70 109 82
80 165 17
172 136 68
72 173 87
161 81 5
29 187 32
135 151 33
189 161 70
106 122 10
131 35 44
52 13 74
146 8 20
85 80 35
119 147 53
36 24 88
51 20 46
7 125 93
166 159 98
172 154 19
150 55 27
169 64 59
152 39 48
72 90 13
180 66 36
56 181 45
170 20 1
195 105 92
83 14 97
136 39 40
55 83 42
175 192 1
32 50 21
83 11 22
160 50 43
17 131 82
122 185 77
33 158 91
108 36 70
156 188 72
128 151 48
190 63 45
118 152 35
78 31 70
158 144 22
192 171 98
69 15 34
112 157 21
68 41 62
19 65 27
104 52 94
94 111 47
30 0 7
24 106 54
138 2 50
105 18 46
172 54 28
20 3 15
8 59 68
5 4 33
95 142 52
10 111 6
37 103 4
16 41 76
1 130 43
38 58 86
162 9 39
98 14 49
158 100 56
89 179 19
29 107 27
125 190 44
29 8 47
196 112 9
102 21 72
13 62 12
127 136 98
2 80 88
151 1 57
58 105 50
26 120 61
71 36 69
83 53 81
89 175 95
4 197 9
164 68 93
25 121 34
168 102 68
40 109 58
61 178 93
27 25 16
155 54 80
115 70 73
193 194 81
20 96 82
44 198 25
23 79 48
17 28 90
169 91 45
172 1 47
151 174 90
154 3 83
114 72 52
152 116 63
144 5 2
82 124 72
66 87 12
136 43 97
167 167 3
181 10 94
176 51 57
26 117 37
5 181 72
66 39 81
167 3 17
99 17 90
160 156 28
120 65 10
115 16 37
179 52 48
82 103 32
16 63 75
81 165 17
197 172 12
69 90 91
66 33 42
163 164 47
83 146 42
71 140 59
115 78 72
142 32 39
15 146 24
58 126 80
184 176 67
109 173 94
0 12 47
78 43 74
41 26 18
15 170 59
48 44 6
30 76 46
115 114 69
15 58 39
152 2 80
11 95 22
23 122 53
133 49 43
114 190 1
137 63 99
158 196 63
120 91 17
102 120 17
69 48 70
142 191 28
193 78 44
66 192 29
183 124 58
150 108 69
166 67 14
10 109 5
8 84 78
109 162 65
91 24 46
103 172 78
39 178 21
1 56 73
34 149 74
164 42 25
18 27 63
81 191 66
66 59 72
1 113 17
9 137 96
72 74 12
29 56 94
25 64 41
117 5 58
153 164 54
89 159 19
41 92 53
47 68 52
7 177 6
47 89 1
3 57 41
53 177 2
132 179 82
92 164 70
42 192 26
101 88 2
112 61 33
196 47 81
66 48 62
170 181 37
126 179 86
4 133 73
66 95 95
169 157 11
173 171 28
163 5 23
105 167 51
101 126 4
27 141 14
144 40 9
135 86 46
79 69 50
122 19 47
4 136 9
44 16 80
18 11 45
184 8 34
146 25 24
91 102 99
34 154 94
28 189 16
32 130 11
20 112 80
195 99 78
80 7 33
148 70 59
172 157 100
145 59 55
189 188 96
55 92 73
114 82 16
99 8 9
153 75 21
170 10 92
102 160 41
142 168 81
161 39 41
194 20 21
187 158 13
126 199 20
73 23 56
94 1 68
196 16 91
172 69 19
152 136 30
93 8 91
194 139 71
188 78 30
95 149 68
114 126 74
83 139 37
27 34 19
94 93 14
48 163 42
197 177 33
193 71 63
194 189 64
167 172 26
113 154 51
161 117 42
24 140 26
58 74 41
163 59 5
0 20 29
106 102 99
79 104 99
186 131 52
22 1 7
138 99 52
48 0 63
97 126 4
26 183 83
181 40 77
190 7 90
150 84 58
184 86 80
193 188 13
176 38 100
59 52 72
195 187 57
38 35 56
11 35 59
54 31 59
81 106 11
147 28 74
185 125 30
139 10 2
194 118 13
140 52 55
87 70 40
75 191 11
47 32 71
163 96 43
135 70 18
122 152 52
145 84 45
105 187 49
92 99 88
166 6 36
198 74 27
167 49 35
120 25 12
190 140 90
186 113 92
16 50 100
192 140 75
174 101 18
122 24 82
34 61 61
193 110 84
94 22 35
168 147 72
42 93 69
92 11 69
10 5 65
155 119 28
110 124 42
109 153 36
137 164 42
53 60 54
153 148 39
165 88 12
116 182 33
65 16 51
85 190 76
192 80 45
170 182 82
190 187 30
151 96 81
70 35 50
159 167 4
189 144 12
162 64 93
162 189 58
82 28 40
80 164 65
29 161 13
36 158 90
54 26 58
170 179 10
58 113 33
25 78 5
130 110 53
141 122 61
18 178 99
174 150 23
162 60 98
141 199 6
102 191 85
90 66 7
170 4 43
187 112 83
53 43 31
106 88 96
63 195 36
24 45 32
145 149 3
79 19 54
179 177 19
93 88 99
65 136 7
133 118 4
32 169 73
198 177 32
16 167 67
70 94 45
146 59 46
124 32 49
143 59 84
126 45 72
158 20 95
42 141 26
73 161 49
100 198 67
7 148 58
154 199 96
187 183 81
20 67 49
193 197 37
37 72 85
196 102 29
132 181 37
95 56 79
85 181 12
13 59 29
47 49 74
46 4 76
73 43 47
34 109 39
11 73 3
2 95 5
116 127 91
42 178 22
40 129 11
41 165 25
126 157 4
158 90 75
141 139 71
56 144 92
174 38 63
17 79 52
165 0 61
124 2 15
75 25 44
149 8 86
51 14 18
132 190 84
63 23 20
136 166 17
147 56 53
187 118 97
196 64 79
199 74 55
47 72 1
151 99 2
117 62 18
187 152 66
195 161 92
125 139 15
163 8 25
6 7 22
68 5 57
86 83 80
95 50 63
97 22 61
35 121 70
168 2 33
39 36 91
27 68 63
37 71 35
123 129 2
154 33 74
0 68 64
87 25 99
25 36 94
184 67 54
117 182 19
25 22 29
114 148 48
59 167 79
102 167 99
178 0 46
16 185 15
35 16 63
135 105 52
180 108 36
5 198 24
133 44 55
60 22 86
169 142 21
108 156 92
99 88 3
165 1 39
74 166 45
12 45 57
66 174 95
28 131 53
14 89 48
190 131 47
90 116 95
67 24 53
149 101 20
56 149 79
186 34 44
106 63 14
134 185 67
1 139 56
118 90 79
36 23 4
22 120 85
187 32 41
65 62 29
197 105 28
31 35 31
155 25 10
187 113 89
63 77 98
151 194 84
143 171 47
123 29 1
4 129 22
169 58 55
148 11 5
91 158 87
57 136 43
21 28 81
168 61 46
13 184 10
160 71 62
78 142 1
40 137 34
151 145 12
123 195 96
38 48 85
32 29 28
124 12 8
174 62 4
38 95 50
186 196 44
122 96 6
40 69 49
74 9 67
37 167 95
77 46 77
79 114 13
172 196 67
198 28 51
185 15 29
136 85 73
172 180 72
36 183 38
150 39 71
23 135 58
111 159 66
28 92 79
97 103 30
142 85 21
53 22 85
129 157 5
31 186 20
123 4 48
143 152 9
25 182 23
145 99 92
57 45 56
2 115 20
115 52 49
189 59 91
197 122 64
0 164 73
4 92 65
107 39 90
76 19 65
21 108 46
31 47 88
101 62 18
9 153 23
43 129 37
48 188 88
53 156 100
130 102 68
37 138 22
36 68 71
33 13 10
168 137 85
1 71 93
17 45 71
99 160 8
86 22 55
156 42 13
20 157 98
73 166 46
79 4 91
91 186 84
23 52 14
60 13 26
148 26 98
51 98 43
132 189 15
113 125 12
120 105 71
18 35 64
135 19 67
186 66 22
151 173 28
67 94 63
68 67 63
156 112 15
56 49 58
27 95 33
148 32 85
56 65 82
160 62 21
94 17 95
75 163 80
48 129 92
198 45 10
189 183 97
117 188 52
192 197 89
166 144 74
75 157 14
135 168 47
177 191 85
170 36 9
89 68 19
153 140 35
118 178 88
138 145 72
168 42 42
195 7 52
74 33 76
6 133 27
56 24 79
191 95 89
76 195 46
3 175 70
126 108 23
75 5 47
43 168 47
164 119 70
156 137 30
187 36 53
106 8 16
156 148 37
17 67 85
133 157 60
151 79 35
18 162 79
176 57 63
13 16 55
126 112 94
72 64 45
130 59 23
181 149 47
12 96 48
94 140 26
39 63 31
182 0 64
8 154 23
30 1 64
140 55 35
136 150 13
47 11 58
93 52 73
164 192 30
55 104 33
129 137 39
36 67 27
82 134 28
49 176 89
51 187 3
94 90 4
131 154 94
151 103 29
15 179 88
98 180 81
56 58 51
104 115 59
72 29 17
32 176 33
190 128 13
59 33 30
98 163 52
114 181 2
146 16 51
40 76 49
53 27 60
173 133 2
113 168 64
67 57 12
162 162 40
120 15 62
185 11 53
186 11 78
62 119 54
39 74 45
25 151 29
0 42 97
111 38 17
92 168 12
89 129 26
72 52 1
120 43 31
106 49 8
70 182 26
9 58 97
191 43 30
92 199 72
93 53 35
6 79 62
150 75 93
0 56 57
16 148 71
144 157 78
110 41 1
13 136 2
67 38 80
127 50 6
146 155 68
26 170 46
77 51 29
141 162 66
26 119 18
133 30 87
96 58 12
80 120 46
68 49 15
45 110 76
128 144 60
170 140 5
186 116 58
113 2 39
113 172 15
186 160 55
104 181 63
119 42 1
157 173 68
9 164 71
181 36 48
121 81 29
170 71 39
99 45 46
46 56 90
169 68 12
2 57 98
12 76 21
61 185 11
55 138 41
85 196 18
129 32 47
21 114 19
69 183 2
85 183 7
67 186 35
58 186 7
118 137 71
125 25 23
38 106 65
165 118 93
142 12 46
164 48 42
130 91 13
42 5 14
30 91 84
178 192 80
50 103 16
93 166 78
63 131 68
54 42 51
172 110 20
138 168 98
62 81 43
187 5 81
114 167 61
116 125 70
7 73 81
199 170 24
14 77 76
142 142 49
96 141 78
14 13 54
107 41 22
67 82 66
28 43 50
170 198 92
10 124 17
4 62 27
39 101 21
7 196 18
64 103 15
189 190 24
51 161 50
88 43 84
29 93 62
14 58 66
25 107 73
36 58 80
90 172 41
16 85 63
5 69 66
47 18 20
60 54 16
18 93 60
23 64 32
68 68 93
29 44 11
150 43 63
62 0 39
136 120 21
161 198 96
104 134 26
48 71 29
71 178 98
163 175 96
32 67 63
1 178 54
178 171 11
3 67 84
156 15 4
4 157 83
173 54 77
104 129 36
101 74 38
52 183 81
111 161 1
3 93 31
123 172 70
39 11 57
2 192 84
5 133 69
95 96 33
139 53 97
137 99 83
3 56 72
66 9 18
23 159 75
84 193 68
54 166 98
186 84 63
97 158 60
152 120 100
47 149 15
132 78 78
66 2 64
122 189 71
21 131 87
178 65 28
9 5 77
92 21 55
101 168 78
61 65 3
153 81 37
66 113 91
4 3 3
189 175 7
130 118 65
140 137 96
190 89 21
99 40 1
116 175 35
84 69 79
89 101 29
183 143 45
19 30 40
24 84 90
42 42 9
65 127 39
145 122 68
17 157 92
103 19 61
139 130 76
131 31 40
115 5 21
174 24 41
163 41 16
161 10 21
42 100 68
179 128 50
142 1 92
149 48 20
113 71 93
35 144 79
59 12 29
15 67 28
107 27 39
155 16 79
121 95 42
190 155 6
69 23 58
99 21 46
186 15 2
177 167 81
97 106 62
134 165 77
74 6 40
110 113 60
56 116 46
133 122 64
163 64 32
95 183 39
105 114 29
181 60 90
45 144 23
198 174 37
70 174 76
64 1 78
50 93 32
134 103 77
115 66 90
52 99 25
184 124 13
51 95 88
159 97 15
147 94 26
166 121 65
58 140 23
73 65 1
22 12 5
169 72 19
9 84 29
82 2 12
131 182 37
141 15 13
190 22 20
62 131 90
167 128 8
101 66 54
199 36 91
173 69 57
18 89 22
184 118 82
30 82 43
158 107 34
181 194 3
167 109 55
109 130 71
115 79 24
90 31 80
178 78 99
175 47 36
198 134 68
182 198 8
38 45 79
148 92 41
136 177 9
175 5 79
24 78 84
72 106 94
34 54 49
42 12 45
114 168 35
169 171 51
198 29 27
117 92 10
105 79 76
85 40 78
61 125 92
34 23 66
44 91 72
141 29 92
134 113 50
184 43 81
110 198 81
12 181 3
16 90 1
122 53 61
164 56 61
92 123 76
110 146 45
60 91 40
72 121 89
12 113 88
15 114 19
189 15 45
99 63 83
49 79 9
187 166 33
45 116 2
4 142 73
196 176 79
55 103 5
153 103 31
102 105 25
21 9 52
84 188 31
156 92 6
34 99 28
79 146 27
122 90 70
27 140 61
121 181 95
41 59 15
50 131 76
29 51 35
38 71 37
54 103 91
140 69 84
60 145 25
106 156 98
180 48 54
14 36 57
100 17 26
126 154 10
11 156 43
114 150 41
182 30 89
173 35 69
101 133 54
177 171 16
30 30 7
80 137 11
149 36 31
151 122 26
148 138 5
151 138 28
86 64 80
147 147 16
93 141 63
69 22 90
59 137 64
37 88 1
35 68 26
92 161 69
63 141 13
153 119 54
57 148 23
122 154 53
196 74 59
87 197 61
185 102 80
146 67 36
34 53 66
19 90 70
6 95 62
36 63 59
167 52 57
79 84 98
86 163 19
133 133 16
36 5 92
83 154 91
5 90 12
169 126 72
60 83 2
155 1 61
195 82 2
130 133 20
39 23 47
65 149 11
76 17 41
70 85 90
120 195 35
49 62 9
37 116 99
190 106 21
69 115 40
144 13 25
105 22 64
154 107 67
194 198 69
199 90 24
58 184 72
36 92 50
119 182 12
9 149 55
177 149 92
178 50 24
139 163 62
130 148 84
177 80 78
39 156 100
84 71 73
17 71 7
29 120 55
34 40 44
140 139 92
74 2 94
123 99 45
175 122 16
149 189 17
179 146 98
55 86 88
177 133 61
87 91 94
173 144 35
88 163 91
111 33 18
122 2 2
84 42 67
170 53 1
132 73 43
152 156 2
173 146 95
93 21 23
143 7 73
181 49 90
172 116 29
184 136 60
86 123 29
107 79 60
185 76 64
186 199 21
185 197 83
126 138 34
182 27 83
169 138 36
40 33 64
158 12 28
126 43 5
35 148 17
2 9 26
34 74 64
89 147 39
196 56 48
26 5 25
127 90 38
198 31 37
132 184 39
88 170 87
47 28 62
163 27 86
184 73 16
98 30 90
169 15 34
148 107 25
137 177 14
11 44 54
158 85 78
161 115 27
159 100 44
136 193 51
128 7 49
103 89 3
72 34 65
133 127 96
23 43 86
54 113 6
133 193 27
88 80 76
71 43 11
108 188 11
12 132 9
33 49 69
55 143 79
163 24 44
98 29 58
66 73 78
113 64 74
39 75 17
137 64 93
172 71 17
150 57 13
37 35 26
15 8 16
49 142 3
184 184 52
72 15 15
81 99 39
176 50 58
147 169 84
132 134 45
191 186 15
128 27 33
165 101 60
168 190 65
131 120 28
188 35 88
58 163 48
22 148 96
94 65 65
5 96 29
81 9 45
161 37 51
76 97 50
81 13 18
151 199 49
49 170 99
135 128 3
106 12 14
169 128 5
139 117 6
42 38 72
96 188 86
125 48 96
104 81 96
23 115 79
136 141 65
99 27 3
54 170 24
176 31 66
34 188 62
15 159 25
49 183 36
185 121 95
33 37 89
34 66 54
75 100 70
150 69 58
45 18 18
124 47 42
195 70 7
84 185 46
160 124 98
171 142 53
73 142 72
24 169 27
94 96 12
183 58 53
179 141 76
8 70 88
144 182 91
184 16 5
140 158 32
188 83 47
33 165 27
16 19 76
115 49 93
123 47 1
175 93 91
103 132 78
11 154 75
161 133 93
91 58 9
183 194 95
116 44 17
57 71 28
106 48 21
149 153 90
56 10 29
78 199 59
162 135 59
180 145 100
0 31 92
192 18 33
135 60 96
36 93 39
22 147 49
64 154 80
162 67 67
182 177 98
198 198 91
163 60 72
187 106 19
151 127 27
173 24 38
145 174 25
127 198 38
77 80 34
5 128 50
48 2 45
148 61 81
15 40 3
112 25 79
81 195 67
80 171 72
123 184 10
132 13 1
109 7 72
2 17 35
55 84 68
165 108 61
189 121 39
92 81 52
27 143 39
0 169 4
121 107 93
196 42 8
170 177 33
157 105 56
172 130 31
126 41 37
39 134 92
28 118 90
9 104 72
161 70 42
132 90 59
27 150 84
150 50 64
94 91 47
13 189 77
195 35 28
147 156 59
84 195 78
10 26 58
173 110 1
63 48 44
11 103 91
133 120 66
156 170 46
133 0 77
60 178 86
158 62 96
39 137 20
43 29 89
187 182 2
139 124 38
69 39 45
109 193 38
58 148 58
152 111 4
30 165 20
127 140 21
114 1 81
34 70 89
49 163 71
181 177 15
122 57 17
51 34 15
180 130 6
98 132 66
30 199 18
175 32 58
90 32 100
198 61 16
103 38 78
9 23 26
83 113 100
65 10 9
32 128 36
25 15 97
153 60 46
142 164 5
57 61 61
51 168 55
189 184 41
124 187 40
61 82 33
10 105 16
60 66 37
22 82 24
130 41 50
38 57 39
83 176 65
158 135 21
152 29 30
50 44 17
111 128 28
10 162 1
129 108 35
90 39 83
52 114 45
39 127 53
4 59 69
159 165 17
185 118 94
13 164 46
185 82 100
186 108 34
43 10 78
154 145 7
108 192 89
83 195 5
32 99 96
147 37 79
117 2 10
188 141 41
134 199 62
7 156 65
16 127 8
72 109 21
101 151 37
136 24 74
93 174 3
93 13 63
85 42 6
65 74 64
80 26 63
131 184 78
88 180 90
133 182 21
59 43 61
108 162 29
108 10 16
152 180 98
155 67 40
178 199 42
130 66 67
180 192 14
78 105 10
195 117 1
122 87 90
93 103 73
75 95 95
199 79 54
16 194 60
65 36 85
187 54 37
86 70 8
80 185 5
113 62 43
124 130 35
120 39 5
158 2 47
164 3 3
110 54 40
175 18 78
26 39 57
198 0 99
193 57 64
171 39 61
113 106 43
149 188 99
17 63 22
48 100 3
180 44 3
130 101 96
42 183 2
186 23 37
25 175 81
89 55 3
177 134 82
97 186 10
36 186 88
66 83 70
11 121 44
26 14 5
174 180 79
107 1 86
119 91 76
28 63 34
146 190 60
159 178 38
15 140 78
61 197 40
78 108 60
181 27 63
60 150 83
39 2 54
34 128 67
184 150 78
47 186 18
104 117 81
90 117 89
22 57 73
136 34 2
9 35 70
30 31 11
167 179 21
6 34 99
104 158 54
77 105 27
194 105 55
148 20 51
93 0 70
114 161 45
77 99 46
128 193 100
103 88 45
22 187 6
137 3 7
62 71 92
68 193 70
39 83 25
97 175 24
184 152 53
128 148 47
198 48 33
149 60 27
60 26 46
94 43 97
63 143 1
191 114 66
83 133 83
103 119 2
94 191 87
182 68 43
57 91 10
111 97 1
144 31 35
49 22 97
101 147 34
90 179 69
76 0 28
55 38 34
156 141 21
0 50 54
154 71 93
42 124 99
130 194 81
120 130 36
43 4 76
85 141 35
6 69 30
87 96 50
117 22 33
147 122 5
37 3 14
142 178 44
145 159 97
53 92 72
138 43 70
70 187 75
63 155 13
149 135 43
31 128 57
165 163 23
0 4 57
68 25 83
47 197 5
2 85 11
106 56 58
163 115 41
37 159 100
119 68 53
96 131 10
159 127 50
64 95 97
24 159 19
2 100 14
118 126 87
72 152 61
1 158 4
184 128 87
165 71 53
45 68 3
51 1 49
57 41 82
58 39 85
26 105 23
143 131 92
111 150 94
144 142 31
150 191 50
154 45 28
120 103 70
16 178 6
153 125 98
165 49 72
198 10 50
20 182 18
199 193 95
111 114 64
35 125 5
161 71 92
83 9 48
79 157 71
0 126 8
69 16 62
136 197 95
177 60 62
132 36 35
115 85 32
17 170 53
132 18 27
105 95 94
171 23 15
195 49 51
73 15 52
82 21 3
146 148 45
95 169 16
138 79 2
188 123 4
104 40 19
126 12 97
183 160 10
46 34 52
174 196 17
125 125 78
31 25 9
180 0 15
99 76 12
105 12 16
16 71 39
130 117 54
125 168 11
58 43 97
20 139 23
27 59 34
101 100 83
85 63 18
164 121 49
37 132 99
112 4 20
183 131 30
148 82 35
136 98 38
181 176 57
153 170 55
128 128 9
177 37 92
87 161 11
9 52 96
10 130 98
26 78 88
32 188 23
155 49 2
51 42 39
2 53 81
89 130 17
103 76 94
111 165 15
84 159 31
106 94 41
100 172 46
108 155 73
191 122 16
47 187 35
108 98 23
183 183 72
22 89 39
2 104 87
171 34 65
166 112 53
175 124 27
89 69 34
98 148 11
62 31 80
104 8 14
123 3 28
158 61 11
89 33 1
129 147 4
90 142 27
98 72 36
185 148 33
189 125 99
5 95 95
